#SCTime     Date      Time   D(days) E:alt   E:az  E:dist M:alt   M:az  M:dist    FIN    TJD
1226277557 2018-11-15 00:38:59  -0.00   48.3  127.8    15.5    0.3  -76.7    52.7   10083 1437.528
1226299157 2018-11-15 06:38:59   0.25   38.7   87.5    16.3    1.1  -70.8    50.5   10095 1437.778
1226320757 2018-11-15 12:38:59   0.50   22.9   64.2    18.5   -0.0  -65.3    50.5   10107 1438.028
1226342357 2018-11-15 18:38:59   0.75    9.0   50.3    21.4   -2.0  -61.6    51.9   10119 1438.278
1226363957 2018-11-16 00:38:59   1.00   -1.8   40.6    24.5   -4.0  -59.5    54.0   10131 1438.528
1226385557 2018-11-16 06:38:59   1.25  -10.1   33.1    27.6   -5.9  -58.7    56.3   10143 1438.778
1226407157 2018-11-16 12:38:59   1.50  -16.7   26.8    30.7   -7.5  -58.8    58.4   10155 1439.028
1226428757 2018-11-16 18:38:59   1.75  -21.9   21.3    33.6   -8.8  -59.5    60.3   10167 1439.278
1226450357 2018-11-17 00:38:59   2.00  -26.2   16.4    36.3   -9.8  -60.6    62.0   10179 1439.528
1226471957 2018-11-17 06:38:59   2.25  -29.7   11.8    38.8  -10.7  -62.0    63.5   10191 1439.778
1226493557 2018-11-17 12:38:59   2.50  -32.7    7.5    41.2  -11.3  -63.7    64.7   10203 1440.028
1226515157 2018-11-17 18:38:59   2.75  -35.3    3.4    43.4  -11.8  -65.5    65.6   10215 1440.278
1226536757 2018-11-18 00:38:59   3.00  -37.5   -0.5    45.5  -12.2  -67.5    66.4   10227 1440.528
1226558357 2018-11-18 06:38:59   3.25  -39.3   -4.3    47.4  -12.5  -69.5    66.9   10239 1440.778
1226579957 2018-11-18 12:38:59   3.50  -41.0   -8.0    49.1  -12.6  -71.6    67.2   10251 1441.028
1226601557 2018-11-18 18:38:59   3.75  -42.4  -11.6    50.7  -12.7  -73.8    67.3   10263 1441.278
1226623157 2018-11-19 00:38:59   4.00  -43.6  -15.2    52.1  -12.7  -76.1    67.3   10275 1441.528
1226644757 2018-11-19 06:38:59   4.25  -44.6  -18.7    53.5  -12.6  -78.4    67.1   10287 1441.778
1226666357 2018-11-19 12:38:59   4.50  -45.5  -22.1    54.6  -12.5  -80.8    66.8   10299 1442.028
1226687957 2018-11-19 18:38:59   4.75  -46.3  -25.5    55.7  -12.3  -83.3    66.3   10311 1442.278
1226709557 2018-11-20 00:38:59   5.00  -46.9  -28.9    56.6  -12.0  -85.8    65.7   10323 1442.528
1226731157 2018-11-20 06:38:59   5.25  -47.4  -32.2    57.4  -11.7  -88.4    65.0   10335 1442.778
1226752757 2018-11-20 12:38:59   5.50  -47.8  -35.6    58.1  -11.3  -91.0    64.3   10347 1443.028
1226774357 2018-11-20 18:38:59   5.75  -48.1  -38.8    58.6  -10.9  -93.7    63.4   10359 1443.278
1226795957 2018-11-21 00:38:59   6.00  -48.3  -42.1    59.0  -10.4  -96.6    62.4   10371 1443.528
1226817557 2018-11-21 06:38:59   6.25  -48.5  -45.4    59.3   -9.9  -99.4    61.4   10383 1443.778
1226839157 2018-11-21 12:38:59   6.50  -48.5  -48.6    59.5   -9.4 -102.4    60.4   10395 1444.028
1226860757 2018-11-21 18:38:59   6.75  -48.4  -51.8    59.6   -8.8 -105.5    59.3   10407 1444.278
1226882357 2018-11-22 00:38:59   7.00  -48.3  -55.0    59.5   -8.2 -108.7    58.2   10419 1444.528
1226903957 2018-11-22 06:38:59   7.25  -48.0  -58.1    59.3   -7.5 -112.0    57.0   10431 1444.778
1226925557 2018-11-22 12:38:59   7.50  -47.7  -61.3    59.0   -6.7 -115.4    55.9   10443 1445.028
1226947157 2018-11-22 18:38:59   7.75  -47.3  -64.5    58.6   -5.9 -118.9    54.8   10455 1445.278
1226968757 2018-11-23 00:38:59   8.00  -46.7  -67.6    58.0   -5.1 -122.6    53.7   10467 1445.528
1226990357 2018-11-23 06:38:59   8.25  -46.1  -70.8    57.4   -4.2 -126.4    52.7   10479 1445.778
1227011957 2018-11-23 12:38:59   8.50  -45.4  -73.9    56.6   -3.2 -130.4    51.7   10491 1446.028
1227033557 2018-11-23 18:38:59   8.75  -44.6  -77.1    55.6   -2.1 -134.5    50.8   10503 1446.278
1227055157 2018-11-24 00:38:59   9.00  -43.6  -80.2    54.5   -1.0 -138.8    50.0   10515 1446.528
1227076757 2018-11-24 06:38:59   9.25  -42.6  -83.4    53.3    0.2 -143.3    49.2   10527 1446.778
1227098357 2018-11-24 12:38:59   9.50  -41.4  -86.6    52.0    1.4 -147.9    48.7   10539 1447.028
1227119957 2018-11-24 18:38:59   9.75  -40.0  -89.9    50.5    2.8 -152.6    48.2   10551 1447.278
1227141557 2018-11-25 00:38:59  10.00  -38.4  -93.3    48.8    4.2 -157.5    47.9   10563 1447.528
1227163157 2018-11-25 06:38:59  10.25  -36.6  -96.7    47.0    5.7 -162.6    47.8   10575 1447.778
1227184757 2018-11-25 12:38:59  10.50  -34.6 -100.2    45.1    7.2 -167.8    47.9   10587 1448.028
1227206357 2018-11-25 18:38:59  10.75  -32.3 -103.8    42.9    8.8 -173.2    48.2   10599 1448.278
1227227957 2018-11-26 00:38:59  11.00  -29.6 -107.7    40.6   10.5 -178.8    48.8   10611 1448.528
1227249557 2018-11-26 06:38:59  11.25  -26.4 -111.7    38.1   12.2  175.5    49.6   10623 1448.778
1227271157 2018-11-26 12:38:59  11.50  -22.7 -116.1    35.4   13.9  169.5    50.7   10635 1449.028
1227292757 2018-11-26 18:38:59  11.75  -18.1 -121.0    32.6   15.5  163.3    52.1   10647 1449.278
1227314357 2018-11-27 00:38:59  12.00  -12.5 -126.5    29.5   17.1  156.9    53.9   10659 1449.528
1227335957 2018-11-27 06:38:59  12.25   -5.4 -133.0    26.3   18.6  150.0    56.0   10671 1449.778
1227357557 2018-11-27 12:38:59  12.50    3.8 -141.2    23.0   19.9  142.7    58.6   10683 1450.028
1227379157 2018-11-27 18:38:59  12.75   15.9 -152.4    19.7   20.7  134.7    61.6   10695 1450.278
1227400757 2018-11-28 00:38:59  13.00   31.4 -170.5    16.8   20.8  125.9    64.8   10707 1450.528
1227422357 2018-11-28 06:38:59  13.25   46.1  155.5    15.0   19.7  116.4    67.9   10719 1450.778
1227443957 2018-11-28 12:38:59  13.50   45.4  105.8    14.9   16.9  106.7    70.3   10731 1451.028
1227465557 2018-11-28 18:38:59  13.75   29.6   72.4    16.6   12.8   97.8    71.7   10743 1451.278
1227487157 2018-11-29 00:38:59  14.00   13.5   54.5    19.4    7.9   90.2    72.5   10755 1451.528
1227508757 2018-11-29 06:38:59  14.25    1.0   43.1    22.7    2.7   83.7    73.2   10767 1451.778
1227530357 2018-11-29 12:38:59  14.50   -8.4   34.8    26.0   -2.3   78.1    74.0   10779 1452.028
1227551957 2018-11-29 18:38:59  14.75  -15.5   28.0    29.3   -7.1   73.0    75.0   10791 1452.278
1227573557 2018-11-30 00:38:59  15.00  -21.1   22.3    32.4  -11.7   68.4    76.2   10803 1452.528
1227595157 2018-11-30 06:38:59  15.25  -25.6   17.2    35.3  -15.9   64.1    77.7   10815 1452.778
1227616757 2018-11-30 12:38:59  15.50  -29.3   12.5    38.0  -19.8   60.0    79.4   10827 1453.028
1227638357 2018-11-30 18:38:59  15.75  -32.4    8.2    40.5  -23.4   56.1    81.1   10839 1453.278
1227659957 2018-12-01 00:38:59  16.00  -35.0    4.1    42.9  -26.7   52.3    83.0   10851 1453.528
1227681557 2018-12-01 06:38:59  16.25  -37.2    0.2    45.0  -29.7   48.6    85.0   10863 1453.778
1227703157 2018-12-01 12:38:59  16.50  -39.1   -3.5    47.0  -32.4   44.9    86.9   10875 1454.028
1227724757 2018-12-01 18:38:59  16.75  -40.7   -7.2    48.9  -34.9   41.2    88.9   10887 1454.278
1227746357 2018-12-02 00:38:59  17.00  -42.1  -10.7    50.6  -37.2   37.6    90.9   10899 1454.528
1227767957 2018-12-02 06:38:59  17.25  -43.4  -14.1    52.1  -39.2   33.9    92.8   10911 1454.778
1227789557 2018-12-02 12:38:59  17.50  -44.4  -17.5    53.5  -41.0   30.3    94.7   10923 1455.028
1227811157 2018-12-02 18:38:59  17.75  -45.3  -20.8    54.8  -42.6   26.6    96.5   10935 1455.278
1227832757 2018-12-03 00:38:59  18.00  -46.1  -24.1    56.0  -44.1   22.8    98.3   10947 1455.528
1227854357 2018-12-03 06:38:59  18.25  -46.8  -27.3    57.0  -45.3   19.1    99.9   10959 1455.778
1227875957 2018-12-03 12:38:59  18.50  -47.3  -30.4    57.8  -46.5   15.3   101.5   10971 1456.028
1227897557 2018-12-03 18:38:59  18.75  -47.8  -33.6    58.6  -47.4   11.5   102.9   10983 1456.278
1227919157 2018-12-04 00:38:59  19.00  -48.1  -36.7    59.2  -48.2    7.7   104.2   10995 1456.528
1227940757 2018-12-04 06:38:59  19.25  -48.4  -39.8    59.7  -48.9    3.9   105.4   11007 1456.778
1227962357 2018-12-04 12:38:59  19.50  -48.6  -42.9    60.1  -49.4    0.0   106.5   11019 1457.028
1227983957 2018-12-04 18:38:59  19.75  -48.7  -45.9    60.4  -49.7   -3.8   107.4   11031 1457.278
1228005557 2018-12-05 00:38:59  20.00  -48.7  -48.9    60.6  -50.0   -7.7   108.2   11043 1457.528
1228027157 2018-12-05 06:38:59  20.25  -48.6  -51.9    60.6  -50.1  -11.5   108.8   11055 1457.778
1228048757 2018-12-05 12:38:59  20.50  -48.5  -54.9    60.5  -50.1  -15.2   109.3   11067 1458.028
1228070357 2018-12-05 18:38:59  20.75  -48.3  -57.9    60.3  -49.9  -19.0   109.7   11079 1458.278
1228091957 2018-12-06 00:38:59  21.00  -48.0  -60.9    60.0  -49.7  -22.7   109.8   11091 1458.528
1228113557 2018-12-06 06:38:59  21.25  -47.6  -63.9    59.5  -49.3  -26.3   109.9   11103 1458.778
1228135157 2018-12-06 12:38:59  21.50  -47.1  -66.8    58.9  -48.9  -29.9   109.7   11115 1459.028
1228156757 2018-12-06 18:38:59  21.75  -46.6  -69.8    58.3  -48.3  -33.4   109.4   11127 1459.278
1228178357 2018-12-07 00:38:59  22.00  -46.0  -72.8    57.4  -47.6  -36.8   108.9   11139 1459.528
1228199957 2018-12-07 06:38:59  22.25  -45.2  -75.8    56.5  -46.7  -40.1   108.3   11151 1459.778
1228221557 2018-12-07 12:38:59  22.50  -44.4  -78.8    55.4  -45.8  -43.4   107.5   11163 1460.028
1228243157 2018-12-07 18:38:59  22.75  -43.4  -81.9    54.2  -44.8  -46.6   106.4   11175 1460.278
1228264757 2018-12-08 00:38:59  23.00  -42.3  -84.9    52.8  -43.7  -49.7   105.2   11187 1460.528
1228286357 2018-12-08 06:38:59  23.25  -41.1  -88.1    51.3  -42.4  -52.7   103.8   11199 1460.778
1228307957 2018-12-08 12:38:59  23.50  -39.7  -91.3    49.6  -41.0  -55.6   102.2   11211 1461.028
1228329557 2018-12-08 18:38:59  23.75  -38.1  -94.6    47.8  -39.5  -58.5   100.4   11223 1461.278
1228351157 2018-12-09 00:38:59  24.00  -36.3  -98.0    45.8  -37.9  -61.3    98.3   11235 1461.528
1228372757 2018-12-09 06:38:59  24.25  -34.1 -101.5    43.6  -36.1  -64.0    96.1   11247 1461.778
1228394357 2018-12-09 12:38:59  24.50  -31.7 -105.2    41.2  -34.1  -66.6    93.5   11259 1462.028
1228415957 2018-12-09 18:38:59  24.75  -28.8 -109.2    38.7  -32.0  -69.1    90.7   11271 1462.278
1228437557 2018-12-10 00:38:59  25.00  -25.3 -113.5    35.9  -29.7  -71.5    87.6   11283 1462.528
1228459157 2018-12-10 06:38:59  25.25  -21.2 -118.2    32.9  -27.1  -73.8    84.1   11295 1462.778
1228480757 2018-12-10 12:38:59  25.50  -15.9 -123.5    29.7  -24.2  -75.8    80.3   11307 1463.028
1228502357 2018-12-10 18:38:59  25.75   -9.2 -129.8    26.3  -21.1  -77.6    76.0   11319 1463.278
1228523957 2018-12-11 00:38:59  26.00   -0.3 -137.7    22.7  -17.5  -78.8    71.2   11331 1463.528
1228545557 2018-12-11 06:38:59  26.25   12.0 -148.7    19.1  -13.7  -79.2    65.9   11343 1463.778
1228567157 2018-12-11 12:38:59  26.50   28.9 -166.8    15.8   -9.6  -77.9    60.3   11355 1464.028
1228588757 2018-12-11 18:38:59  26.75   46.3  155.8    13.6   -6.2  -73.9    55.1   11367 1464.278
