# Quat (xyzw) is -0.453478085485 0.747554224394 0.326582285891 0.358976765428
# SC Time      Date      Time   D(days) C1-E   C2-E   C3-E   C4-E   C1-M   C2-M   C3-M   C4-M EDist Mdist   FIN    TJD
1226277557 2018-11-15 00:38:59  -0.00   32.4   35.4   49.8   68.6   97.5   92.5   87.0   82.0  15.5  52.7  10083 1437.528
1226281157 2018-11-15 01:38:59   0.04   37.2   37.4   49.1   66.3   97.8   92.4   86.5   81.2  15.5  52.1  10085 1437.570
1226284757 2018-11-15 02:38:59   0.08   42.0   39.9   48.9   64.2   98.2   92.3   86.1   80.5  15.6  51.7  10087 1437.611
1226288357 2018-11-15 03:38:59   0.12   46.8   42.9   49.1   62.4   98.6   92.4   85.8   79.8  15.7  51.3  10089 1437.653
1226291957 2018-11-15 04:38:59   0.17   51.6   46.0   49.6   60.7   99.1   92.5   85.5   79.1  15.9  51.0  10091 1437.695
1226295557 2018-11-15 05:38:59   0.21   56.3   49.4   50.6   59.4   99.7   92.7   85.2   78.5  16.1  50.7  10093 1437.736
1226299157 2018-11-15 06:38:59   0.25   60.9   52.8   51.8   58.2  100.3   92.9   85.0   78.0  16.3  50.5  10095 1437.778
1226302757 2018-11-15 07:38:59   0.29   65.4   56.3   53.2   57.4  100.9   93.2   84.9   77.5  16.6  50.4  10097 1437.820
1226306357 2018-11-15 08:38:59   0.33   69.8   59.7   54.8   56.8  101.6   93.5   84.8   77.0  16.9  50.3  10099 1437.861
1226309957 2018-11-15 09:38:59   0.37   73.9   63.1   56.6   56.5  102.2   93.8   84.8   76.6  17.3  50.3  10101 1437.903
1226313557 2018-11-15 10:38:59   0.42   77.9   66.4   58.5   56.3  102.9   94.2   84.9   76.3  17.7  50.3  10103 1437.945
1226317157 2018-11-15 11:38:59   0.46   81.8   69.6   60.4   56.4  103.6   94.6   84.9   76.0  18.1  50.4  10105 1437.986
1226320757 2018-11-15 12:38:59   0.50   85.4   72.7   62.3   56.6  104.2   95.0   85.0   75.8  18.5  50.5  10107 1438.028
1226324357 2018-11-15 13:38:59   0.54   88.9   75.6   64.3   56.9  104.9   95.4   85.2   75.6  18.9  50.7  10109 1438.070
1226327957 2018-11-15 14:38:59   0.58   92.3   78.5   66.2   57.4  105.5   95.9   85.3   75.5  19.4  50.9  10111 1438.111
1226331557 2018-11-15 15:38:59   0.62   95.4   81.2   68.1   58.0  106.1   96.3   85.5   75.4  19.9  51.1  10113 1438.153
1226335157 2018-11-15 16:38:59   0.67   98.5   83.8   69.9   58.7  106.8   96.7   85.8   75.4  20.4  51.4  10115 1438.195
1226338757 2018-11-15 17:38:59   0.71  101.4   86.3   71.7   59.4  107.3   97.2   86.0   75.4  20.9  51.6  10117 1438.236
1226342357 2018-11-15 18:38:59   0.75  104.1   88.7   73.4   60.1  107.9   97.6   86.2   75.4  21.4  51.9  10119 1438.278
1226345957 2018-11-15 19:38:59   0.79  106.7   91.0   75.1   60.9  108.4   98.0   86.5   75.5  21.9  52.3  10121 1438.320
1226349557 2018-11-15 20:38:59   0.83  109.2   93.1   76.8   61.7  109.0   98.5   86.8   75.5  22.4  52.6  10123 1438.361
1226353157 2018-11-15 21:38:59   0.87  111.6   95.2   78.3   62.6  109.4   98.9   87.1   75.6  22.9  52.9  10125 1438.403
1226356757 2018-11-15 22:38:59   0.92  113.9   97.2   79.8   63.4  109.9   99.3   87.3   75.8  23.4  53.3  10127 1438.445
1226360357 2018-11-15 23:38:59   0.96  116.0   99.1   81.3   64.3  110.3   99.6   87.6   75.9  24.0  53.7  10129 1438.486
1226363957 2018-11-16 00:38:59   1.00  118.1  100.9   82.7   65.1  110.8  100.0   87.9   76.1  24.5  54.0  10131 1438.528
1226367557 2018-11-16 01:38:59   1.04  120.1  102.6   84.0   65.9  111.2  100.4   88.2   76.2  25.0  54.4  10133 1438.570
1226371157 2018-11-16 02:38:59   1.08  122.0  104.2   85.3   66.8  111.5  100.7   88.5   76.4  25.5  54.8  10135 1438.611
1226374757 2018-11-16 03:38:59   1.12  123.8  105.8   86.6   67.6  111.9  101.1   88.8   76.6  26.1  55.1  10137 1438.653
1226378357 2018-11-16 04:38:59   1.17  125.6  107.3   87.8   68.4  112.2  101.4   89.0   76.8  26.6  55.5  10139 1438.695
1226381957 2018-11-16 05:38:59   1.21  127.2  108.7   88.9   69.2  112.5  101.7   89.3   77.0  27.1  55.9  10141 1438.736
1226385557 2018-11-16 06:38:59   1.25  128.8  110.1   90.0   70.0  112.8  102.0   89.6   77.2  27.6  56.3  10143 1438.778
1226389157 2018-11-16 07:38:59   1.29  130.4  111.4   91.1   70.7  113.0  102.3   89.9   77.5  28.1  56.6  10145 1438.820
1226392757 2018-11-16 08:38:59   1.33  131.9  112.7   92.1   71.5  113.3  102.6   90.1   77.7  28.6  57.0  10147 1438.861
1226396357 2018-11-16 09:38:59   1.37  133.3  113.9   93.1   72.2  113.5  102.8   90.4   77.9  29.2  57.3  10149 1438.903
1226399957 2018-11-16 10:38:59   1.42  134.7  115.1   94.1   72.9  113.7  103.1   90.7   78.2  29.7  57.7  10151 1438.945
1226403557 2018-11-16 11:38:59   1.46  136.0  116.2   95.0   73.6  113.9  103.3   90.9   78.4  30.2  58.0  10153 1438.986
1226407157 2018-11-16 12:38:59   1.50  137.3  117.3   95.9   74.3  114.0  103.5   91.2   78.7  30.7  58.4  10155 1439.028
1226410757 2018-11-16 13:38:59   1.54  138.5  118.3   96.8   75.0  114.2  103.8   91.4   78.9  31.2  58.7  10157 1439.070
1226414357 2018-11-16 14:38:59   1.58  139.7  119.3   97.6   75.6  114.3  104.0   91.7   79.1  31.6  59.1  10159 1439.111
1226417957 2018-11-16 15:38:59   1.62  140.9  120.3   98.4   76.3  114.5  104.2   91.9   79.4  32.1  59.4  10161 1439.153
1226421557 2018-11-16 16:38:59   1.67  142.0  121.2   99.2   76.9  114.6  104.4   92.1   79.6  32.6  59.7  10163 1439.195
1226425157 2018-11-16 17:38:59   1.71  143.1  122.1   99.9   77.5  114.7  104.5   92.4   79.9  33.1  60.0  10165 1439.236
1226428757 2018-11-16 18:38:59   1.75  144.1  123.0  100.7   78.1  114.7  104.7   92.6   80.1  33.6  60.3  10167 1439.278
1226432357 2018-11-16 19:38:59   1.79  145.1  123.8  101.4   78.7  114.8  104.9   92.8   80.4  34.0  60.6  10169 1439.320
1226435957 2018-11-16 20:38:59   1.83  146.1  124.7  102.1   79.3  114.9  105.0   93.0   80.6  34.5  60.9  10171 1439.361
1226439557 2018-11-16 21:38:59   1.87  147.0  125.4  102.7   79.8  114.9  105.1   93.2   80.9  34.9  61.2  10173 1439.403
1226443157 2018-11-16 22:38:59   1.92  147.9  126.2  103.4   80.4  114.9  105.3   93.4   81.1  35.4  61.5  10175 1439.445
1226446757 2018-11-16 23:38:59   1.96  148.8  126.9  104.0   80.9  115.0  105.4   93.6   81.4  35.8  61.8  10177 1439.486
1226450357 2018-11-17 00:38:59   2.00  149.7  127.6  104.6   81.4  115.0  105.5   93.8   81.6  36.3  62.0  10179 1439.528
1226453957 2018-11-17 01:38:59   2.04  150.5  128.3  105.2   81.9  115.0  105.6   94.0   81.9  36.7  62.3  10181 1439.570
1226457557 2018-11-17 02:38:59   2.08  151.3  129.0  105.8   82.4  115.0  105.7   94.2   82.1  37.1  62.5  10183 1439.611
1226461157 2018-11-17 03:38:59   2.12  152.1  129.6  106.4   82.9  115.0  105.8   94.4   82.3  37.6  62.8  10185 1439.653
1226464757 2018-11-17 04:38:59   2.17  152.8  130.3  106.9   83.4  115.0  105.9   94.6   82.6  38.0  63.0  10187 1439.695
1226468357 2018-11-17 05:38:59   2.21  153.6  130.9  107.5   83.9  114.9  106.0   94.7   82.8  38.4  63.3  10189 1439.736
1226471957 2018-11-17 06:38:59   2.25  154.3  131.5  108.0   84.4  114.9  106.1   94.9   83.1  38.8  63.5  10191 1439.778
1226475557 2018-11-17 07:38:59   2.29  155.0  132.0  108.5   84.8  114.8  106.2   95.1   83.3  39.2  63.7  10193 1439.820
1226479157 2018-11-17 08:38:59   2.33  155.6  132.6  109.0   85.3  114.8  106.2   95.2   83.5  39.6  63.9  10195 1439.861
1226482757 2018-11-17 09:38:59   2.37  156.3  133.1  109.5   85.7  114.7  106.3   95.4   83.8  40.0  64.1  10197 1439.903
1226486357 2018-11-17 10:38:59   2.42  156.9  133.6  109.9   86.1  114.6  106.3   95.6   84.0  40.4  64.3  10199 1439.945
1226489957 2018-11-17 11:38:59   2.46  157.5  134.1  110.4   86.6  114.6  106.4   95.7   84.2  40.8  64.5  10201 1439.986
1226493557 2018-11-17 12:38:59   2.50  158.1  134.6  110.8   87.0  114.5  106.4   95.9   84.5  41.2  64.7  10203 1440.028
1226497157 2018-11-17 13:38:59   2.54  158.6  135.1  111.3   87.4  114.4  106.5   96.0   84.7  41.6  64.8  10205 1440.070
1226500757 2018-11-17 14:38:59   2.58  159.2  135.5  111.7   87.8  114.3  106.5   96.1   84.9  42.0  65.0  10207 1440.111
1226504357 2018-11-17 15:38:59   2.62  159.7  136.0  112.1   88.2  114.2  106.5   96.3   85.2  42.3  65.2  10209 1440.153
1226507957 2018-11-17 16:38:59   2.67  160.2  136.4  112.5   88.6  114.1  106.5   96.4   85.4  42.7  65.3  10211 1440.195
1226511557 2018-11-17 17:38:59   2.71  160.7  136.8  112.9   88.9  114.0  106.6   96.6   85.6  43.1  65.5  10213 1440.236
1226515157 2018-11-17 18:38:59   2.75  161.1  137.3  113.3   89.3  113.9  106.6   96.7   85.9  43.4  65.6  10215 1440.278
1226518757 2018-11-17 19:38:59   2.79  161.6  137.6  113.7   89.7  113.7  106.6   96.8   86.1  43.8  65.8  10217 1440.320
1226522357 2018-11-17 20:38:59   2.83  162.0  138.0  114.0   90.1  113.6  106.6   96.9   86.3  44.1  65.9  10219 1440.361
1226525957 2018-11-17 21:38:59   2.87  162.4  138.4  114.4   90.4  113.5  106.6   97.1   86.5  44.5  66.0  10221 1440.403
1226529557 2018-11-17 22:38:59   2.92  162.8  138.8  114.8   90.8  113.3  106.6   97.2   86.7  44.8  66.1  10223 1440.445
1226533157 2018-11-17 23:38:59   2.96  163.1  139.1  115.1   91.1  113.2  106.6   97.3   87.0  45.1  66.2  10225 1440.486
1226536757 2018-11-18 00:38:59   3.00  163.5  139.5  115.5   91.5  113.1  106.6   97.4   87.2  45.5  66.4  10227 1440.528
1226540357 2018-11-18 01:38:59   3.04  163.8  139.8  115.8   91.8  112.9  106.5   97.5   87.4  45.8  66.5  10229 1440.570
1226543957 2018-11-18 02:38:59   3.08  164.1  140.1  116.1   92.1  112.7  106.5   97.6   87.6  46.1  66.6  10231 1440.611
1226547557 2018-11-18 03:38:59   3.12  164.3  140.4  116.4   92.5  112.6  106.5   97.8   87.8  46.4  66.6  10233 1440.653
1226551157 2018-11-18 04:38:59   3.17  164.6  140.7  116.8   92.8  112.4  106.5   97.9   88.1  46.8  66.7  10235 1440.695
1226554757 2018-11-18 05:38:59   3.21  164.8  141.0  117.1   93.1  112.2  106.4   98.0   88.3  47.1  66.8  10237 1440.736
1226558357 2018-11-18 06:38:59   3.25  165.0  141.3  117.4   93.4  112.1  106.4   98.1   88.5  47.4  66.9  10239 1440.778
1226561957 2018-11-18 07:38:59   3.29  165.2  141.6  117.7   93.7  111.9  106.4   98.2   88.7  47.7  66.9  10241 1440.820
1226565557 2018-11-18 08:38:59   3.33  165.4  141.8  117.9   94.0  111.7  106.3   98.3   88.9  48.0  67.0  10243 1440.861
1226569157 2018-11-18 09:38:59   3.37  165.6  142.1  118.2   94.3  111.5  106.3   98.4   89.1  48.3  67.1  10245 1440.903
1226572757 2018-11-18 10:38:59   3.42  165.7  142.3  118.5   94.6  111.3  106.2   98.4   89.4  48.5  67.1  10247 1440.945
1226576357 2018-11-18 11:38:59   3.46  165.8  142.6  118.8   94.9  111.2  106.2   98.5   89.6  48.8  67.2  10249 1440.986
1226579957 2018-11-18 12:38:59   3.50  165.9  142.8  119.1   95.2  111.0  106.1   98.6   89.8  49.1  67.2  10251 1441.028
1226583557 2018-11-18 13:38:59   3.54  166.0  143.0  119.3   95.5  110.8  106.1   98.7   90.0  49.4  67.2  10253 1441.070
1226587157 2018-11-18 14:38:59   3.58  166.0  143.2  119.6   95.8  110.6  106.0   98.8   90.2  49.7  67.3  10255 1441.111
1226590757 2018-11-18 15:38:59   3.62  166.1  143.5  119.8   96.1  110.4  106.0   98.9   90.4  49.9  67.3  10257 1441.153
1226594357 2018-11-18 16:38:59   3.67  166.1  143.7  120.1   96.3  110.2  105.9   99.0   90.6  50.2  67.3  10259 1441.195
1226597957 2018-11-18 17:38:59   3.71  166.1  143.9  120.3   96.6  109.9  105.8   99.0   90.8  50.4  67.3  10261 1441.236
1226601557 2018-11-18 18:38:59   3.75  166.0  144.0  120.6   96.9  109.7  105.8   99.1   91.0  50.7  67.3  10263 1441.278
1226605157 2018-11-18 19:38:59   3.79  166.0  144.2  120.8   97.1  109.5  105.7   99.2   91.3  50.9  67.3  10265 1441.320
1226608757 2018-11-18 20:38:59   3.83  166.0  144.4  121.0   97.4  109.3  105.6   99.3   91.5  51.2  67.3  10267 1441.361
1226612357 2018-11-18 21:38:59   3.87  165.9  144.6  121.3   97.7  109.1  105.5   99.4   91.7  51.4  67.3  10269 1441.403
1226615957 2018-11-18 22:38:59   3.92  165.8  144.7  121.5   97.9  108.8  105.5   99.4   91.9  51.7  67.3  10271 1441.445
1226619557 2018-11-18 23:38:59   3.96  165.7  144.9  121.7   98.2  108.6  105.4   99.5   92.1  51.9  67.3  10273 1441.486
1226623157 2018-11-19 00:38:59   4.00  165.6  145.0  121.9   98.4  108.4  105.3   99.6   92.3  52.1  67.3  10275 1441.528
1226626757 2018-11-19 01:38:59   4.04  165.5  145.2  122.1   98.7  108.2  105.2   99.6   92.5  52.4  67.3  10277 1441.570
1226630357 2018-11-19 02:38:59   4.08  165.3  145.3  122.3   98.9  107.9  105.1   99.7   92.7  52.6  67.3  10279 1441.611
1226633957 2018-11-19 03:38:59   4.12  165.2  145.5  122.6   99.2  107.7  105.0   99.8   92.9  52.8  67.2  10281 1441.653
1226637557 2018-11-19 04:38:59   4.17  165.0  145.6  122.8   99.4  107.4  104.9   99.8   93.1  53.0  67.2  10283 1441.695
1226641157 2018-11-19 05:38:59   4.21  164.9  145.7  123.0   99.7  107.2  104.8   99.9   93.3  53.3  67.2  10285 1441.736
1226644757 2018-11-19 06:38:59   4.25  164.7  145.8  123.1   99.9  107.0  104.7   99.9   93.5  53.5  67.1  10287 1441.778
1226648357 2018-11-19 07:38:59   4.29  164.5  145.9  123.3  100.1  106.7  104.6  100.0   93.7  53.7  67.1  10289 1441.820
1226651957 2018-11-19 08:38:59   4.33  164.3  146.0  123.5  100.4  106.5  104.5  100.1   93.9  53.9  67.0  10291 1441.861
1226655557 2018-11-19 09:38:59   4.37  164.1  146.1  123.7  100.6  106.2  104.4  100.1   94.1  54.1  67.0  10293 1441.903
1226659157 2018-11-19 10:38:59   4.42  163.9  146.2  123.9  100.8  105.9  104.3  100.2   94.3  54.3  66.9  10295 1441.945
1226662757 2018-11-19 11:38:59   4.46  163.7  146.3  124.1  101.1  105.7  104.2  100.2   94.6  54.5  66.8  10297 1441.986
1226666357 2018-11-19 12:38:59   4.50  163.5  146.4  124.2  101.3  105.4  104.1  100.3   94.8  54.6  66.8  10299 1442.028
1226669957 2018-11-19 13:38:59   4.54  163.2  146.5  124.4  101.5  105.2  104.0  100.3   95.0  54.8  66.7  10301 1442.070
1226673557 2018-11-19 14:38:59   4.58  163.0  146.5  124.6  101.7  104.9  103.9  100.4   95.2  55.0  66.6  10303 1442.111
1226677157 2018-11-19 15:38:59   4.62  162.8  146.6  124.8  101.9  104.6  103.7  100.4   95.4  55.2  66.6  10305 1442.153
1226680757 2018-11-19 16:38:59   4.67  162.5  146.7  124.9  102.2  104.4  103.6  100.5   95.6  55.3  66.5  10307 1442.195
1226684357 2018-11-19 17:38:59   4.71  162.3  146.7  125.1  102.4  104.1  103.5  100.5   95.8  55.5  66.4  10309 1442.236
1226687957 2018-11-19 18:38:59   4.75  162.0  146.8  125.2  102.6  103.8  103.4  100.6   96.0  55.7  66.3  10311 1442.278
1226691557 2018-11-19 19:38:59   4.79  161.8  146.8  125.4  102.8  103.5  103.3  100.6   96.2  55.8  66.2  10313 1442.320
1226695157 2018-11-19 20:38:59   4.83  161.5  146.9  125.6  103.0  103.3  103.1  100.7   96.4  56.0  66.1  10315 1442.361
1226698757 2018-11-19 21:38:59   4.87  161.2  146.9  125.7  103.2  103.0  103.0  100.7   96.6  56.2  66.0  10317 1442.403
1226702357 2018-11-19 22:38:59   4.92  161.0  146.9  125.9  103.4  102.7  102.9  100.8   96.8  56.3  65.9  10319 1442.445
1226705957 2018-11-19 23:38:59   4.96  160.7  147.0  126.0  103.6  102.4  102.7  100.8   97.0  56.5  65.8  10321 1442.486
1226709557 2018-11-20 00:38:59   5.00  160.4  147.0  126.1  103.8  102.1  102.6  100.8   97.2  56.6  65.7  10323 1442.528
1226713157 2018-11-20 01:38:59   5.04  160.2  147.0  126.3  104.0  101.8  102.5  100.9   97.4  56.7  65.6  10325 1442.570
1226716757 2018-11-20 02:38:59   5.08  159.9  147.0  126.4  104.2  101.6  102.3  100.9   97.6  56.9  65.5  10327 1442.611
1226720357 2018-11-20 03:38:59   5.12  159.6  147.0  126.6  104.4  101.3  102.2  101.0   97.8  57.0  65.4  10329 1442.653
1226723957 2018-11-20 04:38:59   5.17  159.3  147.0  126.7  104.6  101.0  102.0  101.0   98.1  57.1  65.3  10331 1442.695
1226727557 2018-11-20 05:38:59   5.21  159.0  147.1  126.8  104.8  100.7  101.9  101.0   98.3  57.3  65.2  10333 1442.736
1226731157 2018-11-20 06:38:59   5.25  158.8  147.1  127.0  105.0  100.4  101.8  101.1   98.5  57.4  65.0  10335 1442.778
1226734757 2018-11-20 07:38:59   5.29  158.5  147.0  127.1  105.2  100.1  101.6  101.1   98.7  57.5  64.9  10337 1442.820
1226738357 2018-11-20 08:38:59   5.33  158.2  147.0  127.2  105.4   99.8  101.5  101.1   98.9  57.6  64.8  10339 1442.861
1226741957 2018-11-20 09:38:59   5.37  157.9  147.0  127.3  105.6   99.5  101.3  101.2   99.1  57.7  64.7  10341 1442.903
1226745557 2018-11-20 10:38:59   5.42  157.6  147.0  127.5  105.8   99.2  101.2  101.2   99.3  57.8  64.5  10343 1442.945
1226749157 2018-11-20 11:38:59   5.46  157.3  147.0  127.6  106.0   98.8  101.0  101.2   99.5  58.0  64.4  10345 1442.986
1226752757 2018-11-20 12:38:59   5.50  157.0  147.0  127.7  106.2   98.5  100.8  101.3   99.7  58.1  64.3  10347 1443.028
1226756357 2018-11-20 13:38:59   5.54  156.7  147.0  127.8  106.4   98.2  100.7  101.3   99.9  58.2  64.1  10349 1443.070
1226759957 2018-11-20 14:38:59   5.58  156.4  146.9  127.9  106.5   97.9  100.5  101.3  100.1  58.3  64.0  10351 1443.111
1226763557 2018-11-20 15:38:59   5.62  156.1  146.9  128.0  106.7   97.6  100.4  101.4  100.4  58.3  63.8  10353 1443.153
1226767157 2018-11-20 16:38:59   5.67  155.8  146.9  128.1  106.9   97.3  100.2  101.4  100.6  58.4  63.7  10355 1443.195
1226770757 2018-11-20 17:38:59   5.71  155.5  146.8  128.2  107.1   96.9  100.0  101.4  100.8  58.5  63.5  10357 1443.236
1226774357 2018-11-20 18:38:59   5.75  155.2  146.8  128.3  107.3   96.6   99.9  101.4  101.0  58.6  63.4  10359 1443.278
1226777957 2018-11-20 19:38:59   5.79  154.9  146.7  128.4  107.5   96.3   99.7  101.5  101.2  58.7  63.2  10361 1443.320
1226781557 2018-11-20 20:38:59   5.83  154.6  146.7  128.5  107.6   96.0   99.5  101.5  101.4  58.8  63.1  10363 1443.361
1226785157 2018-11-20 21:38:59   5.87  154.3  146.6  128.6  107.8   95.6   99.4  101.5  101.6  58.8  62.9  10365 1443.403
1226788757 2018-11-20 22:38:59   5.92  154.0  146.6  128.7  108.0   95.3   99.2  101.5  101.8  58.9  62.8  10367 1443.445
1226792357 2018-11-20 23:38:59   5.96  153.7  146.5  128.8  108.2   95.0   99.0  101.6  102.1  59.0  62.6  10369 1443.486
1226795957 2018-11-21 00:38:59   6.00  153.4  146.4  128.9  108.3   94.6   98.9  101.6  102.3  59.0  62.4  10371 1443.528
1226799557 2018-11-21 01:38:59   6.04  153.1  146.4  129.0  108.5   94.3   98.7  101.6  102.5  59.1  62.3  10373 1443.570
1226803157 2018-11-21 02:38:59   6.08  152.8  146.3  129.1  108.7   93.9   98.5  101.6  102.7  59.1  62.1  10375 1443.611
1226806757 2018-11-21 03:38:59   6.12  152.5  146.2  129.2  108.9   93.6   98.3  101.6  102.9  59.2  61.9  10377 1443.653
1226810357 2018-11-21 04:38:59   6.17  152.2  146.2  129.3  109.0   93.3   98.1  101.6  103.1  59.2  61.8  10379 1443.695
1226813957 2018-11-21 05:38:59   6.21  151.9  146.1  129.4  109.2   92.9   98.0  101.7  103.4  59.3  61.6  10381 1443.736
1226817557 2018-11-21 06:38:59   6.25  151.6  146.0  129.4  109.4   92.6   97.8  101.7  103.6  59.3  61.4  10383 1443.778
1226821157 2018-11-21 07:38:59   6.29  151.3  145.9  129.5  109.5   92.2   97.6  101.7  103.8  59.4  61.3  10385 1443.820
1226824757 2018-11-21 08:38:59   6.33  151.0  145.8  129.6  109.7   91.9   97.4  101.7  104.0  59.4  61.1  10387 1443.861
1226828357 2018-11-21 09:38:59   6.37  150.6  145.7  129.7  109.9   91.5   97.2  101.7  104.2  59.4  60.9  10389 1443.903
1226831957 2018-11-21 10:38:59   6.42  150.3  145.6  129.7  110.0   91.1   97.0  101.7  104.4  59.5  60.7  10391 1443.945
1226835557 2018-11-21 11:38:59   6.46  150.0  145.5  129.8  110.2   90.8   96.8  101.7  104.7  59.5  60.5  10393 1443.986
1226839157 2018-11-21 12:38:59   6.50  149.7  145.4  129.9  110.4   90.4   96.6  101.8  104.9  59.5  60.4  10395 1444.028
1226842757 2018-11-21 13:38:59   6.54  149.4  145.3  129.9  110.5   90.1   96.4  101.8  105.1  59.5  60.2  10397 1444.070
1226846357 2018-11-21 14:38:59   6.58  149.1  145.2  130.0  110.7   89.7   96.2  101.8  105.3  59.5  60.0  10399 1444.111
1226849957 2018-11-21 15:38:59   6.62  148.8  145.1  130.1  110.8   89.3   96.0  101.8  105.5  59.5  59.8  10401 1444.153
1226853557 2018-11-21 16:38:59   6.67  148.5  145.0  130.1  111.0   88.9   95.8  101.8  105.8  59.6  59.6  10403 1444.195
1226857157 2018-11-21 17:38:59   6.71  148.1  144.9  130.2  111.2   88.6   95.6  101.8  106.0  59.6  59.5  10405 1444.236
1226860757 2018-11-21 18:38:59   6.75  147.8  144.8  130.3  111.3   88.2   95.4  101.8  106.2  59.6  59.3  10407 1444.278
1226864357 2018-11-21 19:38:59   6.79  147.5  144.7  130.3  111.5   87.8   95.2  101.8  106.4  59.6  59.1  10409 1444.320
1226867957 2018-11-21 20:38:59   6.83  147.2  144.5  130.4  111.6   87.4   95.0  101.8  106.6  59.6  58.9  10411 1444.361
1226871557 2018-11-21 21:38:59   6.87  146.9  144.4  130.4  111.8   87.1   94.8  101.8  106.9  59.5  58.7  10413 1444.403
1226875157 2018-11-21 22:38:59   6.92  146.6  144.3  130.5  112.0   86.7   94.6  101.8  107.1  59.5  58.5  10415 1444.445
1226878757 2018-11-21 23:38:59   6.96  146.2  144.2  130.5  112.1   86.3   94.4  101.8  107.3  59.5  58.3  10417 1444.486
1226882357 2018-11-22 00:38:59   7.00  145.9  144.0  130.6  112.3   85.9   94.2  101.8  107.5  59.5  58.2  10419 1444.528
1226885957 2018-11-22 01:38:59   7.04  145.6  143.9  130.6  112.4   85.5   94.0  101.8  107.7  59.5  58.0  10421 1444.570
1226889557 2018-11-22 02:38:59   7.08  145.3  143.8  130.7  112.6   85.1   93.7  101.8  108.0  59.5  57.8  10423 1444.611
1226893157 2018-11-22 03:38:59   7.12  145.0  143.6  130.7  112.7   84.7   93.5  101.8  108.2  59.4  57.6  10425 1444.653
1226896757 2018-11-22 04:38:59   7.17  144.6  143.5  130.7  112.9   84.3   93.3  101.8  108.4  59.4  57.4  10427 1444.695
1226900357 2018-11-22 05:38:59   7.21  144.3  143.3  130.8  113.0   83.9   93.1  101.8  108.6  59.4  57.2  10429 1444.736
1226903957 2018-11-22 06:38:59   7.25  144.0  143.2  130.8  113.2   83.5   92.9  101.8  108.9  59.3  57.0  10431 1444.778
1226907557 2018-11-22 07:38:59   7.29  143.7  143.0  130.9  113.3   83.1   92.6  101.8  109.1  59.3  56.8  10433 1444.820
1226911157 2018-11-22 08:38:59   7.33  143.3  142.9  130.9  113.5   82.7   92.4  101.8  109.3  59.2  56.6  10435 1444.861
1226914757 2018-11-22 09:38:59   7.37  143.0  142.7  130.9  113.6   82.3   92.2  101.8  109.5  59.2  56.5  10437 1444.903
1226918357 2018-11-22 10:38:59   7.42  142.7  142.6  130.9  113.8   81.9   91.9  101.7  109.7  59.1  56.3  10439 1444.945
1226921957 2018-11-22 11:38:59   7.46  142.4  142.4  131.0  113.9   81.5   91.7  101.7  110.0  59.1  56.1  10441 1444.986
1226925557 2018-11-22 12:38:59   7.50  142.0  142.2  131.0  114.1   81.0   91.5  101.7  110.2  59.0  55.9  10443 1445.028
1226929157 2018-11-22 13:38:59   7.54  141.7  142.1  131.0  114.2   80.6   91.2  101.7  110.4  59.0  55.7  10445 1445.070
1226932757 2018-11-22 14:38:59   7.58  141.4  141.9  131.0  114.4   80.2   91.0  101.7  110.6  58.9  55.5  10447 1445.111
1226936357 2018-11-22 15:38:59   7.62  141.0  141.7  131.1  114.5   79.8   90.8  101.7  110.8  58.8  55.3  10449 1445.153
1226939957 2018-11-22 16:38:59   7.67  140.7  141.5  131.1  114.7   79.4   90.5  101.6  111.1  58.7  55.1  10451 1445.195
1226943557 2018-11-22 17:38:59   7.71  140.4  141.4  131.1  114.8   78.9   90.3  101.6  111.3  58.7  55.0  10453 1445.236
1226947157 2018-11-22 18:38:59   7.75  140.0  141.2  131.1  115.0   78.5   90.0  101.6  111.5  58.6  54.8  10455 1445.278
1226950757 2018-11-22 19:38:59   7.79  139.7  141.0  131.1  115.1   78.1   89.8  101.6  111.7  58.5  54.6  10457 1445.320
1226954357 2018-11-22 20:38:59   7.83  139.3  140.8  131.1  115.3   77.6   89.6  101.5  111.9  58.4  54.4  10459 1445.361
1226957957 2018-11-22 21:38:59   7.87  139.0  140.6  131.1  115.4   77.2   89.3  101.5  112.1  58.3  54.2  10461 1445.403
1226961557 2018-11-22 22:38:59   7.92  138.7  140.4  131.2  115.6   76.7   89.1  101.5  112.4  58.2  54.1  10463 1445.445
1226965157 2018-11-22 23:38:59   7.96  138.3  140.3  131.2  115.7   76.3   88.8  101.5  112.6  58.1  53.9  10465 1445.486
1226968757 2018-11-23 00:38:59   8.00  138.0  140.1  131.2  115.8   75.9   88.6  101.4  112.8  58.0  53.7  10467 1445.528
1226972357 2018-11-23 01:38:59   8.04  137.6  139.9  131.2  116.0   75.4   88.3  101.4  113.0  57.9  53.5  10469 1445.570
1226975957 2018-11-23 02:38:59   8.08  137.3  139.7  131.2  116.1   75.0   88.0  101.4  113.2  57.8  53.3  10471 1445.611
1226979557 2018-11-23 03:38:59   8.12  136.9  139.5  131.2  116.3   74.5   87.8  101.3  113.4  57.7  53.2  10473 1445.653
1226983157 2018-11-23 04:38:59   8.17  136.6  139.2  131.1  116.4   74.1   87.5  101.3  113.6  57.6  53.0  10475 1445.695
1226986757 2018-11-23 05:38:59   8.21  136.2  139.0  131.1  116.5   73.6   87.3  101.2  113.8  57.5  52.8  10477 1445.736
1226990357 2018-11-23 06:38:59   8.25  135.9  138.8  131.1  116.7   73.2   87.0  101.2  114.0  57.4  52.7  10479 1445.778
1226993957 2018-11-23 07:38:59   8.29  135.5  138.6  131.1  116.8   72.7   86.7  101.1  114.2  57.2  52.5  10481 1445.820
1226997557 2018-11-23 08:38:59   8.33  135.1  138.4  131.1  117.0   72.2   86.5  101.1  114.4  57.1  52.3  10483 1445.861
1227001157 2018-11-23 09:38:59   8.37  134.8  138.2  131.1  117.1   71.8   86.2  101.0  114.6  57.0  52.2  10485 1445.903
1227004757 2018-11-23 10:38:59   8.42  134.4  137.9  131.1  117.2   71.3   85.9  101.0  114.8  56.8  52.0  10487 1445.945
1227008357 2018-11-23 11:38:59   8.46  134.0  137.7  131.0  117.4   70.8   85.7  100.9  115.0  56.7  51.8  10489 1445.986
1227011957 2018-11-23 12:38:59   8.50  133.7  137.5  131.0  117.5   70.4   85.4  100.9  115.2  56.6  51.7  10491 1446.028
1227015557 2018-11-23 13:38:59   8.54  133.3  137.3  131.0  117.6   69.9   85.1  100.8  115.4  56.4  51.5  10493 1446.070
1227019157 2018-11-23 14:38:59   8.58  132.9  137.0  131.0  117.8   69.4   84.8  100.8  115.5  56.3  51.4  10495 1446.111
1227022757 2018-11-23 15:38:59   8.62  132.6  136.8  130.9  117.9   69.0   84.6  100.7  115.7  56.1  51.2  10497 1446.153
1227026357 2018-11-23 16:38:59   8.67  132.2  136.5  130.9  118.0   68.5   84.3  100.6  115.9  55.9  51.1  10499 1446.195
1227029957 2018-11-23 17:38:59   8.71  131.8  136.3  130.8  118.2   68.0   84.0  100.6  116.1  55.8  50.9  10501 1446.236
1227033557 2018-11-23 18:38:59   8.75  131.4  136.0  130.8  118.3   67.5   83.7  100.5  116.2  55.6  50.8  10503 1446.278
1227037157 2018-11-23 19:38:59   8.79  131.1  135.8  130.8  118.4   67.1   83.4  100.4  116.4  55.4  50.6  10505 1446.320
1227040757 2018-11-23 20:38:59   8.83  130.7  135.5  130.7  118.6   66.6   83.1  100.3  116.6  55.3  50.5  10507 1446.361
1227044357 2018-11-23 21:38:59   8.87  130.3  135.3  130.7  118.7   66.1   82.9  100.3  116.7  55.1  50.3  10509 1446.403
1227047957 2018-11-23 22:38:59   8.92  129.9  135.0  130.6  118.8   65.6   82.6  100.2  116.9  54.9  50.2  10511 1446.445
1227051557 2018-11-23 23:38:59   8.96  129.5  134.8  130.6  119.0   65.1   82.3  100.1  117.0  54.7  50.1  10513 1446.486
1227055157 2018-11-24 00:38:59   9.00  129.1  134.5  130.5  119.1   64.7   82.0  100.0  117.2  54.5  50.0  10515 1446.528
1227058757 2018-11-24 01:38:59   9.04  128.7  134.2  130.5  119.2   64.2   81.7   99.9  117.3  54.4  49.8  10517 1446.570
1227062357 2018-11-24 02:38:59   9.08  128.3  133.9  130.4  119.3   63.7   81.4   99.8  117.4  54.2  49.7  10519 1446.611
1227065957 2018-11-24 03:38:59   9.12  127.9  133.7  130.3  119.5   63.2   81.1   99.7  117.6  54.0  49.6  10521 1446.653
1227069557 2018-11-24 04:38:59   9.17  127.5  133.4  130.3  119.6   62.7   80.8   99.6  117.7  53.8  49.5  10523 1446.695
1227073157 2018-11-24 05:38:59   9.21  127.1  133.1  130.2  119.7   62.2   80.5   99.5  117.8  53.5  49.4  10525 1446.736
1227076757 2018-11-24 06:38:59   9.25  126.7  132.8  130.1  119.8   61.7   80.2   99.4  117.9  53.3  49.2  10527 1446.778
1227080357 2018-11-24 07:38:59   9.29  126.2  132.5  130.0  120.0   61.2   79.9   99.3  118.0  53.1  49.1  10529 1446.820
1227083957 2018-11-24 08:38:59   9.33  125.8  132.2  129.9  120.1   60.8   79.6   99.2  118.1  52.9  49.0  10531 1446.861
1227087557 2018-11-24 09:38:59   9.37  125.4  131.9  129.9  120.2   60.3   79.3   99.1  118.2  52.7  48.9  10533 1446.903
1227091157 2018-11-24 10:38:59   9.42  125.0  131.6  129.8  120.3   59.8   79.0   99.0  118.3  52.5  48.8  10535 1446.945
1227094757 2018-11-24 11:38:59   9.46  124.5  131.3  129.7  120.5   59.3   78.7   98.8  118.4  52.2  48.8  10537 1446.986
1227098357 2018-11-24 12:38:59   9.50  124.1  131.0  129.6  120.6   58.8   78.4   98.7  118.5  52.0  48.7  10539 1447.028
1227101957 2018-11-24 13:38:59   9.54  123.6  130.6  129.5  120.7   58.3   78.1   98.6  118.6  51.7  48.6  10541 1447.070
1227105557 2018-11-24 14:38:59   9.58  123.2  130.3  129.4  120.8   57.8   77.8   98.4  118.6  51.5  48.5  10543 1447.111
1227109157 2018-11-24 15:38:59   9.62  122.7  130.0  129.3  120.9   57.3   77.5   98.3  118.7  51.3  48.4  10545 1447.153
1227112757 2018-11-24 16:38:59   9.67  122.3  129.6  129.2  121.0   56.9   77.2   98.2  118.7  51.0  48.4  10547 1447.195
1227116357 2018-11-24 17:38:59   9.71  121.8  129.3  129.0  121.2   56.4   76.9   98.0  118.8  50.8  48.3  10549 1447.236
1227119957 2018-11-24 18:38:59   9.75  121.4  129.0  128.9  121.3   55.9   76.6   97.9  118.8  50.5  48.2  10551 1447.278
1227123557 2018-11-24 19:38:59   9.79  120.9  128.6  128.8  121.4   55.4   76.3   97.7  118.8  50.2  48.2  10553 1447.320
1227127157 2018-11-24 20:38:59   9.83  120.4  128.2  128.7  121.5   54.9   76.0   97.6  118.9  50.0  48.1  10555 1447.361
1227130757 2018-11-24 21:38:59   9.87  119.9  127.9  128.5  121.6   54.5   75.7   97.4  118.9  49.7  48.1  10557 1447.403
1227134357 2018-11-24 22:38:59   9.92  119.5  127.5  128.4  121.7   54.0   75.4   97.2  118.9  49.4  48.0  10559 1447.445
1227137957 2018-11-24 23:38:59   9.96  119.0  127.1  128.2  121.8   53.5   75.0   97.1  118.9  49.1  48.0  10561 1447.486
1227141557 2018-11-25 00:38:59  10.00  118.5  126.8  128.1  121.9   53.1   74.7   96.9  118.9  48.8  47.9  10563 1447.528
1227145157 2018-11-25 01:38:59  10.04  118.0  126.4  127.9  122.0   52.6   74.4   96.7  118.8  48.6  47.9  10565 1447.570
1227148757 2018-11-25 02:38:59  10.08  117.4  126.0  127.8  122.1   52.1   74.1   96.5  118.8  48.3  47.9  10567 1447.611
1227152357 2018-11-25 03:38:59  10.12  116.9  125.6  127.6  122.2   51.7   73.8   96.4  118.7  48.0  47.9  10569 1447.653
1227155957 2018-11-25 04:38:59  10.17  116.4  125.2  127.5  122.3   51.2   73.5   96.2  118.7  47.7  47.8  10571 1447.695
1227159557 2018-11-25 05:38:59  10.21  115.9  124.8  127.3  122.4   50.8   73.2   96.0  118.6  47.4  47.8  10573 1447.736
1227163157 2018-11-25 06:38:59  10.25  115.3  124.4  127.1  122.5   50.3   72.9   95.8  118.6  47.0  47.8  10575 1447.778
1227166757 2018-11-25 07:38:59  10.29  114.8  123.9  126.9  122.6   49.9   72.6   95.6  118.5  46.7  47.8  10577 1447.820
1227170357 2018-11-25 08:38:59  10.33  114.3  123.5  126.7  122.7   49.5   72.3   95.4  118.4  46.4  47.8  10579 1447.861
1227173957 2018-11-25 09:38:59  10.37  113.7  123.1  126.5  122.8   49.0   72.0   95.2  118.3  46.1  47.9  10581 1447.903
1227177557 2018-11-25 10:38:59  10.42  113.1  122.6  126.3  122.9   48.6   71.7   94.9  118.2  45.7  47.9  10583 1447.945
1227181157 2018-11-25 11:38:59  10.46  112.5  122.2  126.1  122.9   48.2   71.4   94.7  118.1  45.4  47.9  10585 1447.986
1227184757 2018-11-25 12:38:59  10.50  112.0  121.7  125.9  123.0   47.8   71.1   94.5  117.9  45.1  47.9  10587 1448.028
1227188357 2018-11-25 13:38:59  10.54  111.4  121.2  125.6  123.1   47.4   70.8   94.3  117.8  44.7  48.0  10589 1448.070
1227191957 2018-11-25 14:38:59  10.58  110.8  120.7  125.4  123.2   47.0   70.4   94.1  117.6  44.4  48.0  10591 1448.111
1227195557 2018-11-25 15:38:59  10.62  110.2  120.2  125.2  123.2   46.6   70.1   93.8  117.5  44.0  48.1  10593 1448.153
1227199157 2018-11-25 16:38:59  10.67  109.5  119.7  124.9  123.3   46.2   69.9   93.6  117.3  43.7  48.1  10595 1448.195
1227202757 2018-11-25 17:38:59  10.71  108.9  119.2  124.6  123.4   45.9   69.6   93.3  117.1  43.3  48.2  10597 1448.236
1227206357 2018-11-25 18:38:59  10.75  108.3  118.7  124.4  123.4   45.5   69.3   93.1  116.9  42.9  48.2  10599 1448.278
1227209957 2018-11-25 19:38:59  10.79  107.6  118.2  124.1  123.5   45.1   69.0   92.8  116.7  42.6  48.3  10601 1448.320
1227213557 2018-11-25 20:38:59  10.83  106.9  117.6  123.8  123.5   44.8   68.7   92.6  116.5  42.2  48.4  10603 1448.361
1227217157 2018-11-25 21:38:59  10.87  106.3  117.1  123.5  123.6   44.5   68.4   92.3  116.3  41.8  48.5  10605 1448.403
1227220757 2018-11-25 22:38:59  10.92  105.6  116.5  123.2  123.6   44.1   68.1   92.1  116.0  41.4  48.6  10607 1448.445
1227224357 2018-11-25 23:38:59  10.96  104.9  115.9  122.9  123.7   43.8   67.8   91.8  115.8  41.0  48.7  10609 1448.486
1227227957 2018-11-26 00:38:59  11.00  104.1  115.3  122.5  123.7   43.5   67.5   91.5  115.5  40.6  48.8  10611 1448.528
1227231557 2018-11-26 01:38:59  11.04  103.4  114.7  122.2  123.7   43.2   67.2   91.2  115.2  40.2  48.9  10613 1448.570
1227235157 2018-11-26 02:38:59  11.08  102.7  114.1  121.8  123.7   43.0   67.0   91.0  115.0  39.8  49.0  10615 1448.611
1227238757 2018-11-26 03:38:59  11.12  101.9  113.5  121.5  123.7   42.7   66.7   90.7  114.7  39.4  49.1  10617 1448.653
1227242357 2018-11-26 04:38:59  11.17  101.1  112.8  121.1  123.7   42.5   66.4   90.4  114.4  39.0  49.3  10619 1448.695
1227245957 2018-11-26 05:38:59  11.21  100.3  112.2  120.7  123.7   42.2   66.1   90.1  114.0  38.6  49.4  10621 1448.736
1227249557 2018-11-26 06:38:59  11.25   99.5  111.5  120.3  123.7   42.0   65.9   89.8  113.7  38.1  49.6  10623 1448.778
1227253157 2018-11-26 07:38:59  11.29   98.7  110.8  119.8  123.7   41.8   65.6   89.5  113.4  37.7  49.7  10625 1448.820
1227256757 2018-11-26 08:38:59  11.33   97.8  110.1  119.4  123.6   41.6   65.4   89.2  113.0  37.3  49.9  10627 1448.861
1227260357 2018-11-26 09:38:59  11.37   96.9  109.3  119.0  123.6   41.4   65.1   88.9  112.7  36.8  50.1  10629 1448.903
1227263957 2018-11-26 10:38:59  11.42   96.0  108.6  118.5  123.6   41.3   64.9   88.6  112.3  36.4  50.3  10631 1448.945
1227267557 2018-11-26 11:38:59  11.46   95.1  107.8  118.0  123.5   41.1   64.6   88.3  111.9  35.9  50.5  10633 1448.986
1227271157 2018-11-26 12:38:59  11.50   94.2  107.0  117.5  123.4   41.0   64.4   88.0  111.6  35.4  50.7  10635 1449.028
1227274757 2018-11-26 13:38:59  11.54   93.2  106.2  116.9  123.3   40.9   64.1   87.6  111.2  35.0  50.9  10637 1449.070
1227278357 2018-11-26 14:38:59  11.58   92.2  105.3  116.4  123.2   40.8   63.9   87.3  110.8  34.5  51.1  10639 1449.111
1227281957 2018-11-26 15:38:59  11.62   91.2  104.5  115.8  123.1   40.7   63.7   87.0  110.3  34.0  51.3  10641 1449.153
1227285557 2018-11-26 16:38:59  11.67   90.1  103.6  115.2  123.0   40.7   63.4   86.7  109.9  33.5  51.6  10643 1449.195
1227289157 2018-11-26 17:38:59  11.71   89.0  102.6  114.6  122.8   40.6   63.2   86.3  109.5  33.1  51.8  10645 1449.236
1227292757 2018-11-26 18:38:59  11.75   87.9  101.7  113.9  122.6   40.6   63.0   86.0  109.0  32.6  52.1  10647 1449.278
1227296357 2018-11-26 19:38:59  11.79   86.8  100.7  113.3  122.4   40.6   62.8   85.7  108.6  32.1  52.4  10649 1449.320
1227299957 2018-11-26 20:38:59  11.83   85.6   99.7  112.6  122.2   40.7   62.6   85.3  108.1  31.6  52.6  10651 1449.361
1227303557 2018-11-26 21:38:59  11.87   84.4   98.6  111.8  122.0   40.7   62.4   85.0  107.6  31.1  52.9  10653 1449.403
1227307157 2018-11-26 22:38:59  11.92   83.1   97.5  111.1  121.7   40.8   62.2   84.6  107.2  30.5  53.2  10655 1449.445
1227310757 2018-11-26 23:38:59  11.96   81.8   96.4  110.3  121.4   40.9   62.1   84.3  106.7  30.0  53.5  10657 1449.486
1227314357 2018-11-27 00:38:59  12.00   80.4   95.2  109.4  121.1   41.0   61.9   83.9  106.2  29.5  53.9  10659 1449.528
1227317957 2018-11-27 01:38:59  12.04   79.0   94.0  108.5  120.7   41.1   61.8   83.6  105.6  29.0  54.2  10661 1449.570
1227321557 2018-11-27 02:38:59  12.08   77.6   92.8  107.6  120.3   41.3   61.6   83.3  105.1  28.4  54.5  10663 1449.611
1227325157 2018-11-27 03:38:59  12.12   76.1   91.4  106.7  119.9   41.5   61.5   82.9  104.6  27.9  54.9  10665 1449.653
1227328757 2018-11-27 04:38:59  12.17   74.5   90.1  105.7  119.5   41.7   61.3   82.6  104.1  27.4  55.3  10667 1449.695
1227332357 2018-11-27 05:38:59  12.21   72.9   88.7  104.6  118.9   41.9   61.2   82.2  103.5  26.8  55.6  10669 1449.736
1227335957 2018-11-27 06:38:59  12.25   71.2   87.2  103.5  118.4   42.2   61.1   81.9  103.0  26.3  56.0  10671 1449.778
1227339557 2018-11-27 07:38:59  12.29   69.4   85.7  102.3  117.8   42.5   61.0   81.5  102.4  25.7  56.4  10673 1449.820
1227343157 2018-11-27 08:38:59  12.33   67.6   84.1  101.1  117.1   42.8   61.0   81.2  101.8  25.2  56.8  10675 1449.861
1227346757 2018-11-27 09:38:59  12.37   65.6   82.4   99.8  116.4   43.2   60.9   80.8  101.3  24.6  57.3  10677 1449.903
1227350357 2018-11-27 10:38:59  12.42   63.6   80.7   98.5  115.6   43.5   60.8   80.5  100.7  24.1  57.7  10679 1449.945
1227353957 2018-11-27 11:38:59  12.46   61.5   78.8   97.1  114.7   44.0   60.8   80.1  100.1  23.5  58.1  10681 1449.986
1227357557 2018-11-27 12:38:59  12.50   59.3   76.9   95.6  113.8   44.4   60.8   79.8   99.5  23.0  58.6  10683 1450.028
1227361157 2018-11-27 13:38:59  12.54   57.0   74.9   94.0  112.8   44.9   60.8   79.5   98.9  22.4  59.1  10685 1450.070
1227364757 2018-11-27 14:38:59  12.58   54.6   72.8   92.3  111.7   45.4   60.8   79.2   98.3  21.8  59.5  10687 1450.111
1227368357 2018-11-27 15:38:59  12.62   52.1   70.7   90.6  110.4   45.9   60.9   78.8   97.7  21.3  60.0  10689 1450.153
1227371957 2018-11-27 16:38:59  12.67   49.4   68.4   88.7  109.1   46.5   60.9   78.5   97.0  20.8  60.5  10691 1450.195
1227375557 2018-11-27 17:38:59  12.71   46.6   66.0   86.8  107.7   47.1   61.0   78.2   96.4  20.2  61.0  10693 1450.236
1227379157 2018-11-27 18:38:59  12.75   43.7   63.5   84.7  106.2   47.7   61.2   77.9   95.8  19.7  61.6  10695 1450.278
1227382757 2018-11-27 19:38:59  12.79   40.6   60.9   82.6  104.5   48.4   61.3   77.7   95.2  19.2  62.1  10697 1450.320
1227386357 2018-11-27 20:38:59  12.83   37.4   58.2   80.4  102.7   49.1   61.5   77.4   94.5  18.7  62.6  10699 1450.361
1227389957 2018-11-27 21:38:59  12.87   34.1   55.5   78.0  100.8   49.9   61.7   77.1   93.9  18.2  63.2  10701 1450.403
1227393557 2018-11-27 22:38:59  12.92   30.6   52.6   75.6   98.7   50.7   61.9   76.9   93.3  17.7  63.7  10703 1450.445
1227397157 2018-11-27 23:38:59  12.96   27.1   49.7   73.0   96.5   51.6   62.2   76.7   92.6  17.2  64.3  10705 1450.486
1227400757 2018-11-28 00:38:59  13.00   23.6   46.8   70.4   94.2   52.5   62.5   76.5   92.0  16.8  64.8  10707 1450.528
1227404357 2018-11-28 01:38:59  13.04   20.2   43.9   67.8   91.7   53.4   62.9   76.3   91.4  16.4  65.3  10709 1450.570
1227407957 2018-11-28 02:38:59  13.08   17.1   41.1   65.1   89.1   54.4   63.3   76.2   90.8  16.0  65.9  10711 1450.611
1227411557 2018-11-28 03:38:59  13.12   14.8   38.5   62.4   86.4   55.4   63.8   76.1   90.2  15.7  66.4  10713 1450.653
1227415157 2018-11-28 04:38:59  13.17   13.9   36.2   59.8   83.5   56.5   64.3   76.0   89.6  15.4  66.9  10715 1450.695
1227418757 2018-11-28 05:38:59  13.21   14.8   34.4   57.3   80.7   57.6   64.8   76.0   89.0  15.2  67.4  10717 1450.736
1227422357 2018-11-28 06:38:59  13.25   17.5   33.3   55.0   77.8   58.8   65.4   76.0   88.5  15.0  67.9  10719 1450.778
1227425957 2018-11-28 07:38:59  13.29   21.3   32.9   53.0   74.9   60.0   66.0   76.0   87.9  14.8  68.4  10721 1450.820
1227429557 2018-11-28 08:38:59  13.33   25.8   33.4   51.3   72.0   61.3   66.7   76.1   87.4  14.7  68.8  10723 1450.861
1227433157 2018-11-28 09:38:59  13.37   30.8   34.7   50.0   69.3   62.5   67.5   76.2   87.0  14.7  69.2  10725 1450.903
1227436757 2018-11-28 10:38:59  13.42   35.9   36.8   49.1   66.8   63.9   68.3   76.4   86.5  14.7  69.6  10727 1450.945
1227440357 2018-11-28 11:38:59  13.46   41.2   39.4   48.8   64.5   65.2   69.1   76.6   86.1  14.8  70.0  10729 1450.986
1227443957 2018-11-28 12:38:59  13.50   46.5   42.6   49.0   62.4   66.6   70.0   76.8   85.7  14.9  70.3  10731 1451.028
1227447557 2018-11-28 13:38:59  13.54   51.7   46.1   49.6   60.6   68.0   70.9   77.1   85.4  15.1  70.6  10733 1451.070
1227451157 2018-11-28 14:38:59  13.58   56.9   49.7   50.6   59.2   69.4   71.8   77.4   85.1  15.3  70.8  10735 1451.111
1227454757 2018-11-28 15:38:59  13.62   61.8   53.5   52.0   58.0   70.8   72.8   77.8   84.8  15.6  71.1  10737 1451.153
1227458357 2018-11-28 16:38:59  13.67   66.7   57.2   53.6   57.2   72.2   73.8   78.2   84.6  15.9  71.3  10739 1451.195
1227461957 2018-11-28 17:38:59  13.71   71.3   60.9   55.5   56.6   73.7   74.8   78.6   84.4  16.2  71.5  10741 1451.236
1227465557 2018-11-28 18:38:59  13.75   75.8   64.6   57.4   56.3   75.1   75.9   79.1   84.2  16.6  71.7  10743 1451.278
1227469157 2018-11-28 19:38:59  13.79   80.0   68.1   59.5   56.3   76.5   76.9   79.6   84.1  17.0  71.8  10745 1451.320
1227472757 2018-11-28 20:38:59  13.83   84.0   71.5   61.6   56.5   77.9   78.0   80.1   83.9  17.5  72.0  10747 1451.361
1227476357 2018-11-28 21:38:59  13.87   87.9   74.7   63.7   56.8   79.3   79.0   80.6   83.9  17.9  72.1  10749 1451.403
1227479957 2018-11-28 22:38:59  13.92   91.5   77.8   65.7   57.3   80.7   80.1   81.2   83.8  18.4  72.3  10751 1451.445
1227483557 2018-11-28 23:38:59  13.96   94.9   80.8   67.8   57.9   82.1   81.2   81.8   83.8  18.9  72.4  10753 1451.486
1227487157 2018-11-29 00:38:59  14.00   98.2   83.6   69.7   58.6   83.5   82.2   82.3   83.8  19.4  72.5  10755 1451.528
1227490757 2018-11-29 01:38:59  14.04  101.3   86.3   71.7   59.4   84.9   83.3   82.9   83.8  20.0  72.6  10757 1451.570
1227494357 2018-11-29 02:38:59  14.08  104.2   88.8   73.5   60.2   86.2   84.4   83.5   83.8  20.5  72.7  10759 1451.611
1227497957 2018-11-29 03:38:59  14.12  107.0   91.2   75.3   61.0   87.5   85.5   84.1   83.9  21.1  72.8  10761 1451.653
1227501557 2018-11-29 04:38:59  14.17  109.6   93.5   77.0   61.9   88.9   86.5   84.8   83.9  21.6  72.9  10763 1451.695
1227505157 2018-11-29 05:38:59  14.21  112.1   95.7   78.7   62.8   90.2   87.6   85.4   84.0  22.2  73.1  10765 1451.736
1227508757 2018-11-29 06:38:59  14.25  114.5   97.7   80.3   63.7   91.4   88.6   86.0   84.1  22.7  73.2  10767 1451.778
1227512357 2018-11-29 07:38:59  14.29  116.8   99.7   81.8   64.6   92.7   89.7   86.6   84.2  23.3  73.3  10769 1451.820
1227515957 2018-11-29 08:38:59  14.33  118.9  101.5   83.2   65.5   94.0   90.7   87.3   84.3  23.8  73.4  10771 1451.861
1227519557 2018-11-29 09:38:59  14.37  120.9  103.3   84.6   66.3   95.2   91.7   87.9   84.5  24.4  73.5  10773 1451.903
1227523157 2018-11-29 10:38:59  14.42  122.9  105.0   86.0   67.2   96.4   92.7   88.5   84.6  24.9  73.7  10775 1451.945
1227526757 2018-11-29 11:38:59  14.46  124.8  106.6   87.2   68.1   97.7   93.7   89.2   84.8  25.5  73.8  10777 1451.986
1227530357 2018-11-29 12:38:59  14.50  126.5  108.1   88.5   68.9   98.8   94.7   89.8   84.9  26.0  74.0  10779 1452.028
1227533957 2018-11-29 13:38:59  14.54  128.2  109.6   89.7   69.7  100.0   95.7   90.4   85.1  26.6  74.1  10781 1452.070
1227537557 2018-11-29 14:38:59  14.58  129.9  111.0   90.8   70.5  101.2   96.7   91.1   85.3  27.1  74.3  10783 1452.111
1227541157 2018-11-29 15:38:59  14.62  131.4  112.3   91.9   71.3  102.3   97.6   91.7   85.4  27.7  74.5  10785 1452.153
1227544757 2018-11-29 16:38:59  14.67  132.9  113.6   92.9   72.1  103.5   98.6   92.3   85.6  28.2  74.6  10787 1452.195
1227548357 2018-11-29 17:38:59  14.71  134.4  114.8   93.9   72.8  104.6   99.5   92.9   85.8  28.7  74.8  10789 1452.236
1227551957 2018-11-29 18:38:59  14.75  135.8  116.0   94.9   73.5  105.7  100.5   93.5   86.0  29.3  75.0  10791 1452.278
1227555557 2018-11-29 19:38:59  14.79  137.1  117.1   95.8   74.2  106.8  101.4   94.1   86.2  29.8  75.2  10793 1452.320
1227559157 2018-11-29 20:38:59  14.83  138.4  118.2   96.7   74.9  107.9  102.3   94.7   86.4  30.3  75.4  10795 1452.361
1227562757 2018-11-29 21:38:59  14.87  139.6  119.3   97.6   75.6  108.9  103.2   95.3   86.6  30.8  75.6  10797 1452.403
1227566357 2018-11-29 22:38:59  14.92  140.8  120.3   98.4   76.3  110.0  104.1   95.9   86.8  31.4  75.8  10799 1452.445
1227569957 2018-11-29 23:38:59  14.96  141.9  121.2   99.2   76.9  111.0  105.0   96.5   87.1  31.9  76.0  10801 1452.486
1227573557 2018-11-30 00:38:59  15.00  143.0  122.1  100.0   77.5  112.1  105.9   97.1   87.3  32.4  76.2  10803 1452.528
1227577157 2018-11-30 01:38:59  15.04  144.1  123.0  100.7   78.2  113.1  106.7   97.7   87.5  32.9  76.5  10805 1452.570
1227580757 2018-11-30 02:38:59  15.08  145.1  123.9  101.4   78.8  114.1  107.6   98.2   87.7  33.3  76.7  10807 1452.611
1227584357 2018-11-30 03:38:59  15.12  146.1  124.7  102.2   79.3  115.1  108.4   98.8   87.9  33.8  77.0  10809 1452.653
1227587957 2018-11-30 04:38:59  15.17  147.1  125.5  102.8   79.9  116.0  109.2   99.3   88.1  34.3  77.2  10811 1452.695
1227591557 2018-11-30 05:38:59  15.21  148.0  126.3  103.5   80.5  117.0  110.0   99.9   88.4  34.8  77.5  10813 1452.736
1227595157 2018-11-30 06:38:59  15.25  148.9  127.0  104.1   81.0  117.9  110.8  100.4   88.6  35.3  77.7  10815 1452.778
1227598757 2018-11-30 07:38:59  15.29  149.8  127.8  104.7   81.5  118.9  111.6  101.0   88.8  35.7  78.0  10817 1452.820
1227602357 2018-11-30 08:38:59  15.33  150.6  128.4  105.3   82.1  119.8  112.4  101.5   89.0  36.2  78.2  10819 1452.861
1227605957 2018-11-30 09:38:59  15.37  151.4  129.1  105.9   82.6  120.7  113.2  102.0   89.2  36.6  78.5  10821 1452.903
1227609557 2018-11-30 10:38:59  15.42  152.2  129.8  106.5   83.1  121.6  113.9  102.5   89.5  37.1  78.8  10823 1452.945
1227613157 2018-11-30 11:38:59  15.46  153.0  130.4  107.0   83.5  122.5  114.7  103.0   89.7  37.5  79.1  10825 1452.986
1227616757 2018-11-30 12:38:59  15.50  153.7  131.0  107.6   84.0  123.4  115.4  103.5   89.9  38.0  79.4  10827 1453.028
1227620357 2018-11-30 13:38:59  15.54  154.4  131.6  108.1   84.5  124.3  116.2  104.0   90.1  38.4  79.6  10829 1453.070
1227623957 2018-11-30 14:38:59  15.58  155.1  132.2  108.6   84.9  125.1  116.9  104.5   90.3  38.8  79.9  10831 1453.111
1227627557 2018-11-30 15:38:59  15.62  155.8  132.7  109.1   85.4  126.0  117.6  105.0   90.6  39.3  80.2  10833 1453.153
1227631157 2018-11-30 16:38:59  15.67  156.4  133.2  109.6   85.8  126.8  118.3  105.5   90.8  39.7  80.5  10835 1453.195
1227634757 2018-11-30 17:38:59  15.71  157.0  133.7  110.0   86.3  127.7  119.0  105.9   91.0  40.1  80.8  10837 1453.236
1227638357 2018-11-30 18:38:59  15.75  157.6  134.3  110.5   86.7  128.5  119.7  106.4   91.2  40.5  81.1  10839 1453.278
1227641957 2018-11-30 19:38:59  15.79  158.2  134.7  110.9   87.1  129.3  120.4  106.9   91.4  40.9  81.4  10841 1453.320
1227645557 2018-11-30 20:38:59  15.83  158.8  135.2  111.4   87.5  130.1  121.0  107.3   91.6  41.3  81.8  10843 1453.361
1227649157 2018-11-30 21:38:59  15.87  159.3  135.7  111.8   87.9  130.9  121.7  107.7   91.8  41.7  82.1  10845 1453.403
1227652757 2018-11-30 22:38:59  15.92  159.8  136.1  112.2   88.3  131.7  122.3  108.2   92.0  42.1  82.4  10847 1453.445
1227656357 2018-11-30 23:38:59  15.96  160.3  136.5  112.6   88.7  132.4  123.0  108.6   92.2  42.5  82.7  10849 1453.486
1227659957 2018-12-01 00:38:59  16.00  160.8  136.9  113.0   89.1  133.2  123.6  109.0   92.4  42.9  83.0  10851 1453.528
1227663557 2018-12-01 01:38:59  16.04  161.2  137.4  113.4   89.4  134.0  124.2  109.4   92.6  43.2  83.3  10853 1453.570
1227667157 2018-12-01 02:38:59  16.08  161.7  137.7  113.8   89.8  134.7  124.8  109.9   92.8  43.6  83.7  10855 1453.611
1227670757 2018-12-01 03:38:59  16.12  162.1  138.1  114.1   90.1  135.4  125.4  110.3   93.0  44.0  84.0  10857 1453.653
1227674357 2018-12-01 04:38:59  16.17  162.5  138.5  114.5   90.5  136.2  126.0  110.6   93.2  44.3  84.3  10859 1453.695
1227677957 2018-12-01 05:38:59  16.21  162.8  138.8  114.8   90.8  136.9  126.6  111.0   93.4  44.7  84.6  10861 1453.736
1227681557 2018-12-01 06:38:59  16.25  163.2  139.2  115.2   91.2  137.6  127.2  111.4   93.6  45.0  85.0  10863 1453.778
1227685157 2018-12-01 07:38:59  16.29  163.5  139.5  115.5   91.5  138.3  127.7  111.8   93.8  45.4  85.3  10865 1453.820
1227688757 2018-12-01 08:38:59  16.33  163.8  139.9  115.9   91.9  139.0  128.3  112.2   94.0  45.7  85.6  10867 1453.861
1227692357 2018-12-01 09:38:59  16.37  164.1  140.2  116.2   92.2  139.7  128.9  112.5   94.2  46.1  86.0  10869 1453.903
1227695957 2018-12-01 10:38:59  16.42  164.4  140.5  116.5   92.5  140.4  129.4  112.9   94.4  46.4  86.3  10871 1453.945
1227699557 2018-12-01 11:38:59  16.46  164.7  140.8  116.8   92.8  141.1  129.9  113.2   94.5  46.7  86.6  10873 1453.986
1227703157 2018-12-01 12:38:59  16.50  164.9  141.1  117.1   93.1  141.8  130.5  113.6   94.7  47.0  86.9  10875 1454.028
1227706757 2018-12-01 13:38:59  16.54  165.1  141.3  117.4   93.4  142.4  131.0  113.9   94.9  47.4  87.3  10877 1454.070
1227710357 2018-12-01 14:38:59  16.58  165.3  141.6  117.7   93.7  143.1  131.5  114.3   95.1  47.7  87.6  10879 1454.111
1227713957 2018-12-01 15:38:59  16.62  165.5  141.9  118.0   94.0  143.7  132.0  114.6   95.3  48.0  87.9  10881 1454.153
1227717557 2018-12-01 16:38:59  16.67  165.6  142.1  118.3   94.3  144.4  132.5  114.9   95.4  48.3  88.3  10883 1454.195
1227721157 2018-12-01 17:38:59  16.71  165.8  142.4  118.5   94.6  145.0  133.0  115.3   95.6  48.6  88.6  10885 1454.236
1227724757 2018-12-01 18:38:59  16.75  165.9  142.6  118.8   94.9  145.6  133.5  115.6   95.8  48.9  88.9  10887 1454.278
1227728357 2018-12-01 19:38:59  16.79  166.0  142.8  119.1   95.2  146.3  134.0  115.9   95.9  49.2  89.3  10889 1454.320
1227731957 2018-12-01 20:38:59  16.83  166.1  143.1  119.3   95.5  146.9  134.4  116.2   96.1  49.5  89.6  10891 1454.361
1227735557 2018-12-01 21:38:59  16.87  166.1  143.3  119.6   95.8  147.5  134.9  116.5   96.3  49.8  89.9  10893 1454.403
1227739157 2018-12-01 22:38:59  16.92  166.2  143.5  119.8   96.0  148.1  135.3  116.8   96.4  50.0  90.3  10895 1454.445
1227742757 2018-12-01 23:38:59  16.96  166.2  143.7  120.1   96.3  148.7  135.8  117.1   96.6  50.3  90.6  10897 1454.486
1227746357 2018-12-02 00:38:59  17.00  166.2  143.9  120.3   96.6  149.3  136.2  117.4   96.7  50.6  90.9  10899 1454.528
1227749957 2018-12-02 01:38:59  17.04  166.2  144.1  120.5   96.8  149.9  136.7  117.6   96.9  50.9  91.2  10901 1454.570
1227753557 2018-12-02 02:38:59  17.08  166.2  144.2  120.8   97.1  150.5  137.1  117.9   97.1  51.1  91.6  10903 1454.611
1227757157 2018-12-02 03:38:59  17.12  166.1  144.4  121.0   97.3  151.1  137.5  118.2   97.2  51.4  91.9  10905 1454.653
1227760757 2018-12-02 04:38:59  17.17  166.1  144.6  121.2   97.6  151.6  137.9  118.4   97.4  51.6  92.2  10907 1454.695
1227764357 2018-12-02 05:38:59  17.21  166.0  144.7  121.4   97.9  152.2  138.3  118.7   97.5  51.9  92.5  10909 1454.736
1227767957 2018-12-02 06:38:59  17.25  165.9  144.9  121.7   98.1  152.8  138.7  119.0   97.6  52.1  92.8  10911 1454.778
1227771557 2018-12-02 07:38:59  17.29  165.8  145.0  121.9   98.3  153.3  139.1  119.2   97.8  52.4  93.2  10913 1454.820
1227775157 2018-12-02 08:38:59  17.33  165.7  145.2  122.1   98.6  153.9  139.5  119.5   97.9  52.6  93.5  10915 1454.861
1227778757 2018-12-02 09:38:59  17.37  165.6  145.3  122.3   98.8  154.4  139.9  119.7   98.1  52.9  93.8  10917 1454.903
1227782357 2018-12-02 10:38:59  17.42  165.4  145.5  122.5   99.1  155.0  140.3  119.9   98.2  53.1  94.1  10919 1454.945
1227785957 2018-12-02 11:38:59  17.46  165.3  145.6  122.7   99.3  155.5  140.6  120.2   98.4  53.3  94.4  10921 1454.986
1227789557 2018-12-02 12:38:59  17.50  165.2  145.7  122.9   99.5  156.1  141.0  120.4   98.5  53.5  94.7  10923 1455.028
1227793157 2018-12-02 13:38:59  17.54  165.0  145.8  123.1   99.8  156.6  141.4  120.6   98.6  53.8  95.0  10925 1455.070
1227796757 2018-12-02 14:38:59  17.58  164.8  145.9  123.3  100.0  157.1  141.7  120.9   98.8  54.0  95.3  10927 1455.111
1227800357 2018-12-02 15:38:59  17.62  164.7  146.0  123.4  100.2  157.6  142.1  121.1   98.9  54.2  95.6  10929 1455.153
1227803957 2018-12-02 16:38:59  17.67  164.5  146.1  123.6  100.4  158.2  142.4  121.3   99.0  54.4  95.9  10931 1455.195
1227807557 2018-12-02 17:38:59  17.71  164.3  146.2  123.8  100.7  158.7  142.7  121.5   99.1  54.6  96.2  10933 1455.236
1227811157 2018-12-02 18:38:59  17.75  164.1  146.3  124.0  100.9  159.2  143.1  121.7   99.3  54.8  96.5  10935 1455.278
1227814757 2018-12-02 19:38:59  17.79  163.9  146.4  124.2  101.1  159.7  143.4  121.9   99.4  55.0  96.8  10937 1455.320
1227818357 2018-12-02 20:38:59  17.83  163.7  146.5  124.3  101.3  160.2  143.7  122.1   99.5  55.2  97.1  10939 1455.361
1227821957 2018-12-02 21:38:59  17.87  163.4  146.6  124.5  101.5  160.7  144.0  122.3   99.6  55.4  97.4  10941 1455.403
1227825557 2018-12-02 22:38:59  17.92  163.2  146.6  124.7  101.8  161.2  144.3  122.5   99.8  55.6  97.7  10943 1455.445
1227829157 2018-12-02 23:38:59  17.96  163.0  146.7  124.8  102.0  161.7  144.6  122.7   99.9  55.8  98.0  10945 1455.486
1227832757 2018-12-03 00:38:59  18.00  162.8  146.8  125.0  102.2  162.2  144.9  122.9  100.0  56.0  98.3  10947 1455.528
1227836357 2018-12-03 01:38:59  18.04  162.5  146.8  125.1  102.4  162.6  145.2  123.0  100.1  56.1  98.6  10949 1455.570
1227839957 2018-12-03 02:38:59  18.08  162.3  146.9  125.3  102.6  163.1  145.5  123.2  100.2  56.3  98.8  10951 1455.611
1227843557 2018-12-03 03:38:59  18.12  162.1  146.9  125.4  102.8  163.6  145.7  123.4  100.3  56.5  99.1  10953 1455.653
1227847157 2018-12-03 04:38:59  18.17  161.8  147.0  125.6  103.0  164.1  146.0  123.6  100.4  56.6  99.4  10955 1455.695
1227850757 2018-12-03 05:38:59  18.21  161.6  147.0  125.7  103.2  164.5  146.2  123.7  100.6  56.8  99.7  10957 1455.736
1227854357 2018-12-03 06:38:59  18.25  161.3  147.1  125.9  103.4  165.0  146.5  123.9  100.7  57.0  99.9  10959 1455.778
1227857957 2018-12-03 07:38:59  18.29  161.1  147.1  126.0  103.6  165.4  146.7  124.1  100.8  57.1 100.2  10961 1455.820
1227861557 2018-12-03 08:38:59  18.33  160.8  147.1  126.2  103.8  165.9  147.0  124.2  100.9  57.3 100.5  10963 1455.861
1227865157 2018-12-03 09:38:59  18.37  160.5  147.1  126.3  104.0  166.4  147.2  124.4  101.0  57.4 100.7  10965 1455.903
1227868757 2018-12-03 10:38:59  18.42  160.3  147.2  126.4  104.2  166.8  147.5  124.5  101.1  57.6 101.0  10967 1455.945
1227872357 2018-12-03 11:38:59  18.46  160.0  147.2  126.6  104.4  167.2  147.7  124.7  101.2  57.7 101.2  10969 1455.986
1227875957 2018-12-03 12:38:59  18.50  159.8  147.2  126.7  104.5  167.7  147.9  124.8  101.3  57.8 101.5  10971 1456.028
1227879557 2018-12-03 13:38:59  18.54  159.5  147.2  126.8  104.7  168.1  148.1  124.9  101.4  58.0 101.7  10973 1456.070
1227883157 2018-12-03 14:38:59  18.58  159.2  147.2  126.9  104.9  168.5  148.3  125.1  101.5  58.1 102.0  10975 1456.111
1227886757 2018-12-03 15:38:59  18.62  159.0  147.2  127.1  105.1  169.0  148.5  125.2  101.6  58.2 102.2  10977 1456.153
1227890357 2018-12-03 16:38:59  18.67  158.7  147.2  127.2  105.3  169.4  148.7  125.3  101.7  58.4 102.4  10979 1456.195
1227893957 2018-12-03 17:38:59  18.71  158.4  147.2  127.3  105.5  169.8  148.9  125.5  101.8  58.5 102.7  10981 1456.236
1227897557 2018-12-03 18:38:59  18.75  158.1  147.2  127.4  105.7  170.2  149.1  125.6  101.9  58.6 102.9  10983 1456.278
1227901157 2018-12-03 19:38:59  18.79  157.9  147.2  127.5  105.8  170.6  149.3  125.7  102.0  58.7 103.1  10985 1456.320
1227904757 2018-12-03 20:38:59  18.83  157.6  147.2  127.7  106.0  171.0  149.4  125.8  102.1  58.8 103.4  10987 1456.361
1227908357 2018-12-03 21:38:59  18.87  157.3  147.2  127.8  106.2  171.4  149.6  126.0  102.1  58.9 103.6  10989 1456.403
1227911957 2018-12-03 22:38:59  18.92  157.0  147.1  127.9  106.4  171.7  149.8  126.1  102.2  59.0 103.8  10991 1456.445
1227915557 2018-12-03 23:38:59  18.96  156.8  147.1  128.0  106.5  172.1  149.9  126.2  102.3  59.1 104.0  10993 1456.486
1227919157 2018-12-04 00:38:59  19.00  156.5  147.1  128.1  106.7  172.5  150.1  126.3  102.4  59.2 104.2  10995 1456.528
1227922757 2018-12-04 01:38:59  19.04  156.2  147.1  128.2  106.9  172.8  150.2  126.4  102.5  59.3 104.4  10997 1456.570
1227926357 2018-12-04 02:38:59  19.08  155.9  147.0  128.3  107.1  173.1  150.3  126.5  102.6  59.4 104.6  10999 1456.611
1227929957 2018-12-04 03:38:59  19.12  155.6  147.0  128.4  107.2  173.5  150.5  126.6  102.7  59.5 104.8  11001 1456.653
1227933557 2018-12-04 04:38:59  19.17  155.4  147.0  128.5  107.4  173.8  150.6  126.7  102.7  59.6 105.0  11003 1456.695
1227937157 2018-12-04 05:38:59  19.21  155.1  146.9  128.6  107.6  174.1  150.7  126.8  102.8  59.7 105.2  11005 1456.736
1227940757 2018-12-04 06:38:59  19.25  154.8  146.9  128.7  107.8  174.3  150.8  126.9  102.9  59.7 105.4  11007 1456.778
1227944357 2018-12-04 07:38:59  19.29  154.5  146.8  128.8  107.9  174.6  150.9  127.0  103.0  59.8 105.6  11009 1456.820
1227947957 2018-12-04 08:38:59  19.33  154.2  146.8  128.9  108.1  174.8  151.0  127.0  103.1  59.9 105.8  11011 1456.861
1227951557 2018-12-04 09:38:59  19.37  153.9  146.7  129.0  108.3  175.0  151.1  127.1  103.1  59.9 106.0  11013 1456.903
1227955157 2018-12-04 10:38:59  19.42  153.7  146.7  129.1  108.4  175.1  151.2  127.2  103.2  60.0 106.1  11015 1456.945
1227958757 2018-12-04 11:38:59  19.46  153.4  146.6  129.2  108.6  175.3  151.3  127.3  103.3  60.1 106.3  11017 1456.986
1227962357 2018-12-04 12:38:59  19.50  153.1  146.5  129.2  108.7  175.4  151.4  127.4  103.4  60.1 106.5  11019 1457.028
1227965957 2018-12-04 13:38:59  19.54  152.8  146.5  129.3  108.9  175.4  151.4  127.4  103.4  60.2 106.6  11021 1457.070
1227969557 2018-12-04 14:38:59  19.58  152.5  146.4  129.4  109.1  175.4  151.5  127.5  103.5  60.2 106.8  11023 1457.111
1227973157 2018-12-04 15:38:59  19.62  152.2  146.3  129.5  109.2  175.4  151.6  127.6  103.6  60.3 106.9  11025 1457.153
1227976757 2018-12-04 16:38:59  19.67  151.9  146.3  129.6  109.4  175.4  151.6  127.6  103.7  60.3 107.1  11027 1457.195
1227980357 2018-12-04 17:38:59  19.71  151.6  146.2  129.6  109.6  175.3  151.7  127.7  103.7  60.4 107.3  11029 1457.236
1227983957 2018-12-04 18:38:59  19.75  151.4  146.1  129.7  109.7  175.1  151.7  127.8  103.8  60.4 107.4  11031 1457.278
1227987557 2018-12-04 19:38:59  19.79  151.1  146.0  129.8  109.9  175.0  151.7  127.8  103.9  60.4 107.5  11033 1457.320
1227991157 2018-12-04 20:38:59  19.83  150.8  145.9  129.9  110.0  174.8  151.8  127.9  103.9  60.5 107.7  11035 1457.361
1227994757 2018-12-04 21:38:59  19.87  150.5  145.9  129.9  110.2  174.6  151.8  127.9  104.0  60.5 107.8  11037 1457.403
1227998357 2018-12-04 22:38:59  19.92  150.2  145.8  130.0  110.3  174.3  151.8  128.0  104.1  60.5 107.9  11039 1457.445
1228001957 2018-12-04 23:38:59  19.96  149.9  145.7  130.1  110.5  174.1  151.8  128.0  104.1  60.5 108.1  11041 1457.486
1228005557 2018-12-05 00:38:59  20.00  149.6  145.6  130.1  110.7  173.8  151.8  128.1  104.2  60.6 108.2  11043 1457.528
1228009157 2018-12-05 01:38:59  20.04  149.3  145.5  130.2  110.8  173.5  151.8  128.1  104.2  60.6 108.3  11045 1457.570
1228012757 2018-12-05 02:38:59  20.08  149.0  145.4  130.3  111.0  173.2  151.8  128.2  104.3  60.6 108.4  11047 1457.611
1228016357 2018-12-05 03:38:59  20.12  148.7  145.3  130.3  111.1  172.9  151.8  128.2  104.4  60.6 108.5  11049 1457.653
1228019957 2018-12-05 04:38:59  20.17  148.4  145.2  130.4  111.3  172.6  151.8  128.2  104.4  60.6 108.6  11051 1457.695
1228023557 2018-12-05 05:38:59  20.21  148.1  145.1  130.4  111.4  172.3  151.8  128.3  104.5  60.6 108.7  11053 1457.736
1228027157 2018-12-05 06:38:59  20.25  147.8  145.0  130.5  111.6  171.9  151.8  128.3  104.5  60.6 108.8  11055 1457.778
1228030757 2018-12-05 07:38:59  20.29  147.6  144.8  130.5  111.7  171.6  151.7  128.3  104.6  60.6 108.9  11057 1457.820
1228034357 2018-12-05 08:38:59  20.33  147.3  144.7  130.6  111.9  171.3  151.7  128.3  104.7  60.6 109.0  11059 1457.861
1228037957 2018-12-05 09:38:59  20.37  147.0  144.6  130.6  112.0  170.9  151.7  128.4  104.7  60.6 109.1  11061 1457.903
1228041557 2018-12-05 10:38:59  20.42  146.7  144.5  130.7  112.2  170.6  151.6  128.4  104.8  60.5 109.2  11063 1457.945
1228045157 2018-12-05 11:38:59  20.46  146.4  144.4  130.7  112.3  170.2  151.6  128.4  104.8  60.5 109.2  11065 1457.986
1228048757 2018-12-05 12:38:59  20.50  146.1  144.3  130.8  112.5  169.9  151.5  128.4  104.9  60.5 109.3  11067 1458.028
1228052357 2018-12-05 13:38:59  20.54  145.8  144.1  130.8  112.6  169.5  151.5  128.4  104.9  60.5 109.4  11069 1458.070
1228055957 2018-12-05 14:38:59  20.58  145.5  144.0  130.9  112.7  169.1  151.4  128.5  105.0  60.4 109.4  11071 1458.111
1228059557 2018-12-05 15:38:59  20.62  145.2  143.9  130.9  112.9  168.8  151.3  128.5  105.0  60.4 109.5  11073 1458.153
1228063157 2018-12-05 16:38:59  20.67  144.9  143.7  131.0  113.0  168.4  151.2  128.5  105.1  60.4 109.6  11075 1458.195
1228066757 2018-12-05 17:38:59  20.71  144.6  143.6  131.0  113.2  168.0  151.2  128.5  105.1  60.3 109.6  11077 1458.236
1228070357 2018-12-05 18:38:59  20.75  144.3  143.5  131.0  113.3  167.7  151.1  128.5  105.2  60.3 109.7  11079 1458.278
1228073957 2018-12-05 19:38:59  20.79  143.9  143.3  131.1  113.5  167.3  151.0  128.5  105.2  60.2 109.7  11081 1458.320
1228077557 2018-12-05 20:38:59  20.83  143.6  143.2  131.1  113.6  166.9  150.9  128.5  105.3  60.2 109.7  11083 1458.361
1228081157 2018-12-05 21:38:59  20.87  143.3  143.0  131.1  113.8  166.6  150.8  128.5  105.3  60.1 109.8  11085 1458.403
1228084757 2018-12-05 22:38:59  20.92  143.0  142.9  131.2  113.9  166.2  150.7  128.5  105.4  60.1 109.8  11087 1458.445
1228088357 2018-12-05 23:38:59  20.96  142.7  142.7  131.2  114.0  165.8  150.6  128.5  105.4  60.0 109.8  11089 1458.486
1228091957 2018-12-06 00:38:59  21.00  142.4  142.6  131.2  114.2  165.4  150.5  128.5  105.4  60.0 109.8  11091 1458.528
1228095557 2018-12-06 01:38:59  21.04  142.1  142.4  131.2  114.3  165.0  150.4  128.4  105.5  59.9 109.9  11093 1458.570
1228099157 2018-12-06 02:38:59  21.08  141.8  142.3  131.3  114.5  164.7  150.2  128.4  105.5  59.8 109.9  11095 1458.611
1228102757 2018-12-06 03:38:59  21.12  141.5  142.1  131.3  114.6  164.3  150.1  128.4  105.6  59.8 109.9  11097 1458.653
1228106357 2018-12-06 04:38:59  21.17  141.2  142.0  131.3  114.7  163.9  150.0  128.4  105.6  59.7 109.9  11099 1458.695
1228109957 2018-12-06 05:38:59  21.21  140.9  141.8  131.3  114.9  163.5  149.8  128.4  105.6  59.6 109.9  11101 1458.736
1228113557 2018-12-06 06:38:59  21.25  140.5  141.6  131.3  115.0  163.1  149.7  128.3  105.7  59.5 109.9  11103 1458.778
1228117157 2018-12-06 07:38:59  21.29  140.2  141.5  131.4  115.2  162.8  149.6  128.3  105.7  59.4 109.9  11105 1458.820
1228120757 2018-12-06 08:38:59  21.33  139.9  141.3  131.4  115.3  162.4  149.4  128.3  105.8  59.3 109.8  11107 1458.861
1228124357 2018-12-06 09:38:59  21.37  139.6  141.1  131.4  115.4  162.0  149.3  128.3  105.8  59.2 109.8  11109 1458.903
1228127957 2018-12-06 10:38:59  21.42  139.3  141.0  131.4  115.6  161.6  149.1  128.2  105.8  59.2 109.8  11111 1458.945
1228131557 2018-12-06 11:38:59  21.46  138.9  140.8  131.4  115.7  161.2  148.9  128.2  105.9  59.1 109.8  11113 1458.986
1228135157 2018-12-06 12:38:59  21.50  138.6  140.6  131.4  115.8  160.8  148.8  128.2  105.9  58.9 109.7  11115 1459.028
1228138757 2018-12-06 13:38:59  21.54  138.3  140.4  131.4  116.0  160.5  148.6  128.1  105.9  58.8 109.7  11117 1459.070
1228142357 2018-12-06 14:38:59  21.58  138.0  140.2  131.4  116.1  160.1  148.4  128.1  106.0  58.7 109.6  11119 1459.111
1228145957 2018-12-06 15:38:59  21.62  137.6  140.0  131.4  116.2  159.7  148.3  128.0  106.0  58.6 109.6  11121 1459.153
1228149557 2018-12-06 16:38:59  21.67  137.3  139.9  131.4  116.4  159.3  148.1  128.0  106.0  58.5 109.5  11123 1459.195
1228153157 2018-12-06 17:38:59  21.71  137.0  139.7  131.4  116.5  158.9  147.9  127.9  106.0  58.4 109.5  11125 1459.236
1228156757 2018-12-06 18:38:59  21.75  136.7  139.5  131.4  116.6  158.5  147.7  127.9  106.1  58.3 109.4  11127 1459.278
1228160357 2018-12-06 19:38:59  21.79  136.3  139.3  131.4  116.8  158.1  147.5  127.8  106.1  58.1 109.4  11129 1459.320
1228163957 2018-12-06 20:38:59  21.83  136.0  139.1  131.4  116.9  157.7  147.3  127.8  106.1  58.0 109.3  11131 1459.361
1228167557 2018-12-06 21:38:59  21.87  135.6  138.9  131.4  117.0  157.3  147.1  127.7  106.1  57.9 109.2  11133 1459.403
1228171157 2018-12-06 22:38:59  21.92  135.3  138.7  131.4  117.2  157.0  146.9  127.7  106.2  57.7 109.1  11135 1459.445
1228174757 2018-12-06 23:38:59  21.96  135.0  138.4  131.3  117.3  156.6  146.7  127.6  106.2  57.6 109.0  11137 1459.486
1228178357 2018-12-07 00:38:59  22.00  134.6  138.2  131.3  117.4  156.2  146.5  127.5  106.2  57.4 108.9  11139 1459.528
1228181957 2018-12-07 01:38:59  22.04  134.3  138.0  131.3  117.6  155.8  146.3  127.5  106.2  57.3 108.8  11141 1459.570
1228185557 2018-12-07 02:38:59  22.08  133.9  137.8  131.3  117.7  155.4  146.1  127.4  106.3  57.1 108.7  11143 1459.611
1228189157 2018-12-07 03:38:59  22.12  133.6  137.6  131.3  117.8  155.0  145.9  127.3  106.3  57.0 108.6  11145 1459.653
1228192757 2018-12-07 04:38:59  22.17  133.2  137.4  131.2  118.0  154.6  145.7  127.3  106.3  56.8 108.5  11147 1459.695
1228196357 2018-12-07 05:38:59  22.21  132.9  137.1  131.2  118.1  154.2  145.4  127.2  106.3  56.6 108.4  11149 1459.736
1228199957 2018-12-07 06:38:59  22.25  132.5  136.9  131.2  118.2  153.8  145.2  127.1  106.3  56.5 108.3  11151 1459.778
1228203557 2018-12-07 07:38:59  22.29  132.2  136.7  131.1  118.3  153.4  145.0  127.0  106.3  56.3 108.2  11153 1459.820
1228207157 2018-12-07 08:38:59  22.33  131.8  136.4  131.1  118.5  153.0  144.8  127.0  106.4  56.1 108.0  11155 1459.861
1228210757 2018-12-07 09:38:59  22.37  131.4  136.2  131.1  118.6  152.6  144.5  126.9  106.4  55.9 107.9  11157 1459.903
1228214357 2018-12-07 10:38:59  22.42  131.1  136.0  131.0  118.7  152.2  144.3  126.8  106.4  55.8 107.8  11159 1459.945
1228217957 2018-12-07 11:38:59  22.46  130.7  135.7  131.0  118.8  151.8  144.0  126.7  106.4  55.6 107.6  11161 1459.986
1228221557 2018-12-07 12:38:59  22.50  130.3  135.5  130.9  119.0  151.4  143.8  126.6  106.4  55.4 107.5  11163 1460.028
1228225157 2018-12-07 13:38:59  22.54  130.0  135.2  130.9  119.1  151.0  143.5  126.5  106.4  55.2 107.3  11165 1460.070
1228228757 2018-12-07 14:38:59  22.58  129.6  135.0  130.8  119.2  150.6  143.3  126.4  106.4  55.0 107.1  11167 1460.111
1228232357 2018-12-07 15:38:59  22.62  129.2  134.7  130.8  119.3  150.2  143.0  126.3  106.4  54.8 107.0  11169 1460.153
1228235957 2018-12-07 16:38:59  22.67  128.8  134.5  130.7  119.5  149.8  142.8  126.2  106.4  54.6 106.8  11171 1460.195
1228239557 2018-12-07 17:38:59  22.71  128.5  134.2  130.7  119.6  149.4  142.5  126.1  106.4  54.4 106.6  11173 1460.236
1228243157 2018-12-07 18:38:59  22.75  128.1  133.9  130.6  119.7  149.0  142.2  126.0  106.5  54.2 106.4  11175 1460.278
1228246757 2018-12-07 19:38:59  22.79  127.7  133.7  130.5  119.8  148.5  142.0  125.9  106.5  53.9 106.2  11177 1460.320
1228250357 2018-12-07 20:38:59  22.83  127.3  133.4  130.5  120.0  148.1  141.7  125.8  106.5  53.7 106.1  11179 1460.361
1228253957 2018-12-07 21:38:59  22.87  126.9  133.1  130.4  120.1  147.7  141.4  125.7  106.5  53.5 105.9  11181 1460.403
1228257557 2018-12-07 22:38:59  22.92  126.5  132.8  130.3  120.2  147.3  141.1  125.5  106.5  53.3 105.7  11183 1460.445
1228261157 2018-12-07 23:38:59  22.96  126.1  132.5  130.3  120.3  146.9  140.9  125.4  106.5  53.0 105.4  11185 1460.486
1228264757 2018-12-08 00:38:59  23.00  125.7  132.2  130.2  120.4  146.5  140.6  125.3  106.5  52.8 105.2  11187 1460.528
1228268357 2018-12-08 01:38:59  23.04  125.3  131.9  130.1  120.6  146.1  140.3  125.2  106.4  52.5 105.0  11189 1460.570
1228271957 2018-12-08 02:38:59  23.08  124.8  131.6  130.0  120.7  145.6  140.0  125.0  106.4  52.3 104.8  11191 1460.611
1228275557 2018-12-08 03:38:59  23.12  124.4  131.3  129.9  120.8  145.2  139.7  124.9  106.4  52.1 104.6  11193 1460.653
1228279157 2018-12-08 04:38:59  23.17  124.0  131.0  129.8  120.9  144.8  139.4  124.8  106.4  51.8 104.3  11195 1460.695
1228282757 2018-12-08 05:38:59  23.21  123.6  130.7  129.7  121.0  144.4  139.1  124.6  106.4  51.5 104.1  11197 1460.736
1228286357 2018-12-08 06:38:59  23.25  123.1  130.4  129.6  121.1  144.0  138.8  124.5  106.4  51.3 103.8  11199 1460.778
1228289957 2018-12-08 07:38:59  23.29  122.7  130.1  129.5  121.2  143.5  138.5  124.4  106.4  51.0 103.6  11201 1460.820
1228293557 2018-12-08 08:38:59  23.33  122.3  129.8  129.4  121.4  143.1  138.2  124.2  106.4  50.7 103.3  11203 1460.861
1228297157 2018-12-08 09:38:59  23.37  121.8  129.4  129.3  121.5  142.7  137.9  124.1  106.4  50.5 103.0  11205 1460.903
1228300757 2018-12-08 10:38:59  23.42  121.3  129.1  129.2  121.6  142.2  137.6  123.9  106.3  50.2 102.8  11207 1460.945
1228304357 2018-12-08 11:38:59  23.46  120.9  128.7  129.0  121.7  141.8  137.2  123.8  106.3  49.9 102.5  11209 1460.986
1228307957 2018-12-08 12:38:59  23.50  120.4  128.4  128.9  121.8  141.4  136.9  123.6  106.3  49.6 102.2  11211 1461.028
1228311557 2018-12-08 13:38:59  23.54  120.0  128.0  128.8  121.9  140.9  136.6  123.4  106.3  49.3 101.9  11213 1461.070
1228315157 2018-12-08 14:38:59  23.58  119.5  127.7  128.7  122.0  140.5  136.3  123.3  106.2  49.0 101.6  11215 1461.111
1228318757 2018-12-08 15:38:59  23.62  119.0  127.3  128.5  122.1  140.1  135.9  123.1  106.2  48.7 101.3  11217 1461.153
1228322357 2018-12-08 16:38:59  23.67  118.5  126.9  128.4  122.2  139.6  135.6  122.9  106.2  48.4 101.0  11219 1461.195
1228325957 2018-12-08 17:38:59  23.71  118.0  126.6  128.2  122.3  139.2  135.3  122.8  106.2  48.1 100.7  11221 1461.236
1228329557 2018-12-08 18:38:59  23.75  117.5  126.2  128.1  122.4  138.7  134.9  122.6  106.1  47.8 100.4  11223 1461.278
1228333157 2018-12-08 19:38:59  23.79  117.0  125.8  127.9  122.5  138.3  134.6  122.4  106.1  47.5 100.1  11225 1461.320
1228336757 2018-12-08 20:38:59  23.83  116.5  125.4  127.7  122.6  137.8  134.2  122.2  106.1  47.1  99.7  11227 1461.361
1228340357 2018-12-08 21:38:59  23.87  116.0  125.0  127.6  122.7  137.4  133.9  122.0  106.0  46.8  99.4  11229 1461.403
1228343957 2018-12-08 22:38:59  23.92  115.5  124.6  127.4  122.8  136.9  133.5  121.8  106.0  46.5  99.1  11231 1461.445
1228347557 2018-12-08 23:38:59  23.96  114.9  124.1  127.2  122.9  136.5  133.1  121.6  105.9  46.1  98.7  11233 1461.486
1228351157 2018-12-09 00:38:59  24.00  114.4  123.7  127.0  123.0  136.0  132.8  121.4  105.9  45.8  98.3  11235 1461.528
1228354757 2018-12-09 01:38:59  24.04  113.8  123.3  126.8  123.1  135.6  132.4  121.2  105.8  45.4  98.0  11237 1461.570
1228358357 2018-12-09 02:38:59  24.08  113.3  122.8  126.6  123.1  135.1  132.0  121.0  105.8  45.1  97.6  11239 1461.611
1228361957 2018-12-09 03:38:59  24.12  112.7  122.4  126.4  123.2  134.6  131.7  120.8  105.7  44.7  97.2  11241 1461.653
1228365557 2018-12-09 04:38:59  24.17  112.1  121.9  126.1  123.3  134.2  131.3  120.6  105.7  44.3  96.9  11243 1461.695
1228369157 2018-12-09 05:38:59  24.21  111.5  121.5  125.9  123.4  133.7  130.9  120.4  105.6  44.0  96.5  11245 1461.736
1228372757 2018-12-09 06:38:59  24.25  110.9  121.0  125.7  123.4  133.2  130.5  120.2  105.6  43.6  96.1  11247 1461.778
1228376357 2018-12-09 07:38:59  24.29  110.3  120.5  125.4  123.5  132.7  130.1  119.9  105.5  43.2  95.7  11249 1461.820
1228379957 2018-12-09 08:38:59  24.33  109.7  120.0  125.2  123.6  132.3  129.7  119.7  105.4  42.8  95.2  11251 1461.861
1228383557 2018-12-09 09:38:59  24.37  109.0  119.5  124.9  123.6  131.8  129.3  119.5  105.3  42.4  94.8  11253 1461.903
1228387157 2018-12-09 10:38:59  24.42  108.4  118.9  124.6  123.7  131.3  128.9  119.2  105.3  42.0  94.4  11255 1461.945
1228390757 2018-12-09 11:38:59  24.46  107.7  118.4  124.4  123.8  130.8  128.5  119.0  105.2  41.6  94.0  11257 1461.986
1228394357 2018-12-09 12:38:59  24.50  107.1  117.9  124.1  123.8  130.3  128.1  118.7  105.1  41.2  93.5  11259 1462.028
1228397957 2018-12-09 13:38:59  24.54  106.4  117.3  123.8  123.8  129.8  127.7  118.5  105.0  40.8  93.1  11261 1462.070
1228401557 2018-12-09 14:38:59  24.58  105.7  116.7  123.5  123.9  129.3  127.3  118.2  104.9  40.4  92.6  11263 1462.111
1228405157 2018-12-09 15:38:59  24.62  105.0  116.1  123.1  123.9  128.8  126.8  117.9  104.8  40.0  92.2  11265 1462.153
1228408757 2018-12-09 16:38:59  24.67  104.2  115.5  122.8  123.9  128.3  126.4  117.7  104.7  39.6  91.7  11267 1462.195
1228412357 2018-12-09 17:38:59  24.71  103.5  114.9  122.4  124.0  127.8  126.0  117.4  104.6  39.1  91.2  11269 1462.236
1228415957 2018-12-09 18:38:59  24.75  102.7  114.3  122.1  124.0  127.3  125.5  117.1  104.5  38.7  90.7  11271 1462.278
1228419557 2018-12-09 19:38:59  24.79  102.0  113.6  121.7  124.0  126.8  125.1  116.8  104.4  38.2  90.2  11273 1462.320
1228423157 2018-12-09 20:38:59  24.83  101.2  113.0  121.3  124.0  126.3  124.6  116.5  104.3  37.8  89.7  11275 1462.361
1228426757 2018-12-09 21:38:59  24.87  100.3  112.3  120.9  124.0  125.8  124.2  116.2  104.2  37.3  89.2  11277 1462.403
1228430357 2018-12-09 22:38:59  24.92   99.5  111.6  120.5  124.0  125.3  123.7  115.9  104.1  36.9  88.7  11279 1462.445
1228433957 2018-12-09 23:38:59  24.96   98.6  110.9  120.0  123.9  124.7  123.2  115.6  103.9  36.4  88.1  11281 1462.486
1228437557 2018-12-10 00:38:59  25.00   97.8  110.1  119.6  123.9  124.2  122.8  115.3  103.8  35.9  87.6  11283 1462.528
1228441157 2018-12-10 01:38:59  25.04   96.8  109.4  119.1  123.9  123.7  122.3  114.9  103.7  35.4  87.0  11285 1462.570
1228444757 2018-12-10 02:38:59  25.08   95.9  108.6  118.6  123.8  123.1  121.8  114.6  103.5  34.9  86.5  11287 1462.611
1228448357 2018-12-10 03:38:59  25.12   95.0  107.8  118.1  123.7  122.6  121.3  114.3  103.3  34.4  85.9  11289 1462.653
1228451957 2018-12-10 04:38:59  25.17   94.0  106.9  117.5  123.6  122.1  120.8  113.9  103.2  33.9  85.3  11291 1462.695
1228455557 2018-12-10 05:38:59  25.21   92.9  106.0  117.0  123.5  121.5  120.3  113.5  103.0  33.4  84.7  11293 1462.736
1228459157 2018-12-10 06:38:59  25.25   91.9  105.2  116.4  123.4  121.0  119.8  113.2  102.8  32.9  84.1  11295 1462.778
1228462757 2018-12-10 07:38:59  25.29   90.8  104.2  115.8  123.3  120.4  119.3  112.8  102.7  32.4  83.5  11297 1462.820
1228466357 2018-12-10 08:38:59  25.33   89.7  103.3  115.1  123.1  119.8  118.8  112.4  102.5  31.9  82.9  11299 1462.861
1228469957 2018-12-10 09:38:59  25.37   88.5  102.3  114.5  122.9  119.3  118.2  112.0  102.3  31.4  82.3  11301 1462.903
1228473557 2018-12-10 10:38:59  25.42   87.4  101.3  113.8  122.7  118.7  117.7  111.6  102.0  30.8  81.6  11303 1462.945
1228477157 2018-12-10 11:38:59  25.46   86.1  100.2  113.0  122.5  118.2  117.2  111.2  101.8  30.3  81.0  11305 1462.986
1228480757 2018-12-10 12:38:59  25.50   84.8   99.1  112.3  122.3  117.6  116.6  110.8  101.6  29.7  80.3  11307 1463.028
1228484357 2018-12-10 13:38:59  25.54   83.5   97.9  111.4  122.0  117.0  116.0  110.4  101.3  29.2  79.6  11309 1463.070
1228487957 2018-12-10 14:38:59  25.58   82.1   96.7  110.6  121.7  116.4  115.5  109.9  101.1  28.6  78.9  11311 1463.111
1228491557 2018-12-10 15:38:59  25.62   80.7   95.5  109.7  121.3  115.9  114.9  109.5  100.8  28.0  78.2  11313 1463.153
1228495157 2018-12-10 16:38:59  25.67   79.2   94.2  108.8  121.0  115.3  114.3  109.0  100.6  27.5  77.5  11315 1463.195
1228498757 2018-12-10 17:38:59  25.71   77.6   92.9  107.8  120.5  114.7  113.7  108.5  100.3  26.9  76.8  11317 1463.236
1228502357 2018-12-10 18:38:59  25.75   76.0   91.4  106.7  120.1  114.1  113.2  108.0  100.0  26.3  76.0  11319 1463.278
1228505957 2018-12-10 19:38:59  25.79   74.3   90.0  105.6  119.5  113.5  112.6  107.6   99.6  25.7  75.3  11321 1463.320
1228509557 2018-12-10 20:38:59  25.83   72.5   88.4  104.5  119.0  112.9  111.9  107.0   99.3  25.1  74.5  11323 1463.361
1228513157 2018-12-10 21:38:59  25.87   70.6   86.8  103.2  118.3  112.4  111.3  106.5   98.9  24.5  73.7  11325 1463.403
1228516757 2018-12-10 22:38:59  25.92   68.7   85.1  101.9  117.6  111.8  110.7  106.0   98.6  23.9  72.9  11327 1463.445
1228520357 2018-12-10 23:38:59  25.96   66.6   83.3  100.6  116.9  111.2  110.1  105.4   98.2  23.3  72.1  11329 1463.486
1228523957 2018-12-11 00:38:59  26.00   64.5   81.4   99.1  116.0  110.6  109.5  104.9   97.8  22.7  71.2  11331 1463.528
1228527557 2018-12-11 01:38:59  26.04   62.2   79.4   97.6  115.1  110.1  108.8  104.3   97.3  22.1  70.4  11333 1463.570
1228531157 2018-12-11 02:38:59  26.08   59.8   77.4   95.9  114.1  109.5  108.2  103.7   96.9  21.5  69.5  11335 1463.611
1228534757 2018-12-11 03:38:59  26.12   57.2   75.2   94.2  112.9  108.9  107.5  103.1   96.4  20.9  68.6  11337 1463.653
1228538357 2018-12-11 04:38:59  26.17   54.5   72.8   92.3  111.7  108.4  106.9  102.4   95.9  20.3  67.7  11339 1463.695
1228541957 2018-12-11 05:38:59  26.21   51.7   70.4   90.4  110.3  107.9  106.2  101.8   95.4  19.7  66.8  11341 1463.736
1228545557 2018-12-11 06:38:59  26.25   48.7   67.8   88.3  108.8  107.3  105.6  101.1   94.8  19.1  65.9  11343 1463.778
1228549157 2018-12-11 07:38:59  26.29   45.5   65.1   86.0  107.2  106.8  104.9  100.5   94.2  18.5  65.0  11345 1463.820
1228552757 2018-12-11 08:38:59  26.33   42.1   62.2   83.7  105.4  106.4  104.3   99.8   93.6  17.9  64.1  11347 1463.861
1228556357 2018-12-11 09:38:59  26.37   38.6   59.2   81.2  103.4  105.9  103.7   99.1   92.9  17.4  63.1  11349 1463.903
1228559957 2018-12-11 10:38:59  26.42   34.8   56.1   78.5  101.2  105.5  103.1   98.4   92.3  16.8  62.2  11351 1463.945
1228563557 2018-12-11 11:38:59  26.46   30.9   52.8   75.8   98.9  105.2  102.5   97.6   91.5  16.3  61.2  11353 1463.986
1228567157 2018-12-11 12:38:59  26.50   26.9   49.5   72.9   96.4  104.9  101.9   96.9   90.8  15.8  60.3  11355 1464.028
1228570757 2018-12-11 13:38:59  26.54   22.8   46.1   69.8   93.6  104.6  101.4   96.2   90.0  15.3  59.3  11357 1464.070
1228574357 2018-12-11 14:38:59  26.58   19.0   42.8   66.7   90.7  104.4  100.9   95.5   89.2  14.9  58.4  11359 1464.111
1228577957 2018-12-11 15:38:59  26.62   15.7   39.6   63.6   87.6  104.3  100.4   94.7   88.3  14.5  57.5  11361 1464.153
1228581557 2018-12-11 16:38:59  26.67   13.8   36.8   60.5   84.4  104.2  100.0   94.1   87.5  14.1  56.7  11363 1464.195
1228585157 2018-12-11 17:38:59  26.71   14.3   34.5   57.6   81.0  104.3   99.6   93.4   86.6  13.8  55.9  11365 1464.236
1228588757 2018-12-11 18:38:59  26.75   17.2   33.1   54.9   77.6  104.4   99.4   92.8   85.7  13.6  55.1  11367 1464.278
1228592357 2018-12-11 19:38:59  26.79   21.8   32.7   52.5   74.3  104.6   99.2   92.2   84.8  13.4  54.5  11369 1464.320
1228595957 2018-12-11 20:38:59  26.83   27.2   33.4   50.6   71.0  105.0   99.0   91.6   84.0  13.3  53.9  11371 1464.361
