# Quat (xyzw) is -0.408387784782 -0.886471585572 -0.0651625432427 -0.207705050907
# SC Time      Date      Time   D(days) C1-E   C2-E   C3-E   C4-E   C1-M   C2-M   C3-M   C4-M EDist Mdist   FIN    TJD
1216530077 2018-07-25 05:00:59  -0.00  131.2  110.6   89.0   67.5   48.2   56.7   70.3   86.2  16.6  48.6   4668 1324.710
1216533677 2018-07-25 06:00:59   0.04  131.9  110.1   87.8   65.5   48.5   56.6   69.9   85.6  16.6  49.3   4670 1324.752
1216537277 2018-07-25 07:00:59   0.08  132.1  109.5   86.5   63.6   48.9   56.5   69.5   85.0  16.7  50.0   4672 1324.793
1216540877 2018-07-25 08:00:59   0.12  132.1  108.8   85.3   61.9   49.2   56.5   69.2   84.5  16.8  50.8   4674 1324.835
1216544477 2018-07-25 09:00:59   0.17  131.7  108.0   84.2   60.4   49.5   56.4   68.9   84.0  16.9  51.6   4676 1324.877
1216548077 2018-07-25 10:00:59   0.21  131.0  107.0   83.1   59.1   49.7   56.4   68.7   83.6  17.1  52.5   4678 1324.918
1216551677 2018-07-25 11:00:59   0.25  130.0  106.0   82.0   58.0   49.9   56.4   68.4   83.2  17.3  53.4   4680 1324.960
1216555277 2018-07-25 12:00:59   0.29  128.8  104.9   81.0   57.2   50.1   56.4   68.2   82.9  17.6  54.4   4682 1325.002
1216558877 2018-07-25 13:00:59   0.33  127.4  103.8   80.1   56.5   50.2   56.3   68.1   82.7  17.9  55.3   4684 1325.043
1216562477 2018-07-25 14:00:59   0.37  125.9  102.7   79.3   56.1   50.3   56.3   67.9   82.5  18.2  56.3   4686 1325.085
1216566077 2018-07-25 15:00:59   0.42  124.3  101.5   78.6   55.8   50.4   56.3   67.8   82.3  18.5  57.3   4688 1325.127
1216569677 2018-07-25 16:00:59   0.46  122.6  100.4   77.9   55.8   50.5   56.2   67.7   82.2  18.8  58.3   4690 1325.168
1216573277 2018-07-25 17:00:59   0.50  120.8   99.2   77.3   55.9   50.5   56.2   67.7   82.1  19.2  59.3   4692 1325.210
1216576877 2018-07-25 18:00:59   0.54  119.0   98.1   76.8   56.1   50.4   56.1   67.6   82.0  19.6  60.3   4694 1325.252
1216580477 2018-07-25 19:00:59   0.58  117.2   96.9   76.3   56.4   50.4   56.1   67.5   82.0  20.0  61.3   4696 1325.293
1216584077 2018-07-25 20:00:59   0.62  115.4   95.8   75.9   56.9   50.3   56.0   67.5   82.0  20.5  62.3   4698 1325.335
1216587677 2018-07-25 21:00:59   0.67  113.7   94.8   75.6   57.4   50.2   55.9   67.5   82.0  20.9  63.2   4700 1325.377
1216591277 2018-07-25 22:00:59   0.71  111.9   93.8   75.3   58.0   50.1   55.9   67.5   82.0  21.3  64.2   4702 1325.418
1216594877 2018-07-25 23:00:59   0.75  110.2   92.8   75.0   58.7   49.9   55.8   67.5   82.1  21.8  65.1   4704 1325.460
1216598477 2018-07-26 00:00:59   0.79  108.6   91.8   74.9   59.4   49.8   55.7   67.5   82.1  22.3  66.1   4706 1325.502
1216602077 2018-07-26 01:00:59   0.83  107.0   90.9   74.7   60.2   49.6   55.6   67.5   82.2  22.8  67.0   4708 1325.543
1216605677 2018-07-26 02:00:59   0.87  105.4   90.0   74.6   60.9   49.4   55.5   67.5   82.3  23.2  67.9   4710 1325.585
1216609277 2018-07-26 03:00:59   0.92  103.9   89.1   74.5   61.7   49.2   55.4   67.5   82.4  23.7  68.8   4712 1325.627
1216612877 2018-07-26 04:00:59   0.96  102.4   88.3   74.4   62.5   48.9   55.3   67.5   82.5  24.2  69.7   4714 1325.668
1216616477 2018-07-26 05:00:59   1.00  101.0   87.5   74.4   63.3   48.7   55.2   67.5   82.6  24.7  70.5   4716 1325.710
1216620077 2018-07-26 06:00:59   1.04   99.6   86.8   74.4   64.1   48.5   55.1   67.5   82.8  25.2  71.4   4718 1325.752
1216623677 2018-07-26 07:00:59   1.08   98.3   86.1   74.4   64.9   48.2   55.0   67.6   82.9  25.7  72.2   4720 1325.793
1216627277 2018-07-26 08:00:59   1.12   97.0   85.4   74.4   65.7   48.0   54.9   67.6   83.0  26.2  73.0   4722 1325.835
1216630877 2018-07-26 09:00:59   1.17   95.8   84.8   74.5   66.5   47.7   54.8   67.6   83.2  26.7  73.8   4724 1325.877
1216634477 2018-07-26 10:00:59   1.21   94.6   84.1   74.5   67.3   47.4   54.7   67.7   83.3  27.2  74.6   4726 1325.918
1216638077 2018-07-26 11:00:59   1.25   93.4   83.5   74.6   68.1   47.1   54.5   67.7   83.5  27.7  75.3   4728 1325.960
1216641677 2018-07-26 12:00:59   1.29   92.3   83.0   74.7   68.9   46.9   54.4   67.7   83.6  28.2  76.1   4730 1326.002
1216645277 2018-07-26 13:00:59   1.33   91.2   82.4   74.8   69.6   46.6   54.3   67.8   83.8  28.7  76.8   4732 1326.043
1216648877 2018-07-26 14:00:59   1.37   90.2   81.9   74.9   70.4   46.3   54.2   67.8   84.0  29.1  77.5   4734 1326.085
1216652477 2018-07-26 15:00:59   1.42   89.2   81.4   75.0   71.1   46.0   54.1   67.8   84.1  29.6  78.2   4736 1326.127
1216656077 2018-07-26 16:00:59   1.46   88.2   80.9   75.1   71.8   45.7   53.9   67.9   84.3  30.1  78.9   4738 1326.168
1216659677 2018-07-26 17:00:59   1.50   87.3   80.4   75.2   72.5   45.4   53.8   67.9   84.4  30.6  79.5   4740 1326.210
1216663277 2018-07-26 18:00:59   1.54   86.3   80.0   75.3   73.2   45.1   53.7   67.9   84.6  31.1  80.2   4742 1326.252
1216666877 2018-07-26 19:00:59   1.58   85.4   79.6   75.5   73.9   44.8   53.6   68.0   84.8  31.5  80.8   4744 1326.293
1216670477 2018-07-26 20:00:59   1.62   84.6   79.2   75.6   74.5   44.5   53.5   68.0   84.9  32.0  81.4   4746 1326.335
1216674077 2018-07-26 21:00:59   1.67   83.8   78.8   75.7   75.2   44.2   53.4   68.1   85.1  32.5  82.0   4748 1326.377
1216677677 2018-07-26 22:00:59   1.71   82.9   78.4   75.9   75.8   43.9   53.2   68.1   85.2  32.9  82.6   4750 1326.418
1216681277 2018-07-26 23:00:59   1.75   82.2   78.1   76.0   76.4   43.6   53.1   68.1   85.4  33.4  83.2   4752 1326.460
1216684877 2018-07-27 00:00:59   1.79   81.4   77.7   76.2   77.0   43.3   53.0   68.2   85.6  33.9  83.8   4754 1326.502
1216688477 2018-07-27 01:00:59   1.83   80.7   77.4   76.3   77.6   43.0   52.9   68.2   85.7  34.3  84.3   4756 1326.543
1216692077 2018-07-27 02:00:59   1.87   79.9   77.1   76.4   78.2   42.7   52.8   68.3   85.9  34.8  84.9   4758 1326.585
1216695677 2018-07-27 03:00:59   1.92   79.2   76.8   76.6   78.8   42.4   52.7   68.3   86.1  35.2  85.4   4760 1326.627
1216699277 2018-07-27 04:00:59   1.96   78.6   76.5   76.7   79.3   42.1   52.5   68.4   86.2  35.6  85.9   4762 1326.668
1216702877 2018-07-27 05:00:59   2.00   77.9   76.2   76.9   79.9   41.8   52.4   68.4   86.4  36.1  86.4   4764 1326.710
1216706477 2018-07-27 06:00:59   2.04   77.3   75.9   77.0   80.4   41.5   52.3   68.4   86.5  36.5  86.9   4766 1326.752
1216710077 2018-07-27 07:00:59   2.08   76.6   75.6   77.2   81.0   41.2   52.2   68.5   86.7  36.9  87.4   4768 1326.793
1216713677 2018-07-27 08:00:59   2.12   76.0   75.4   77.3   81.5   40.9   52.1   68.5   86.9  37.4  87.9   4770 1326.835
1216717277 2018-07-27 09:00:59   2.17   75.4   75.1   77.5   82.0   40.6   52.0   68.6   87.0  37.8  88.4   4772 1326.877
1216720877 2018-07-27 10:00:59   2.21   74.8   74.9   77.6   82.5   40.3   51.9   68.6   87.2  38.2  88.8   4774 1326.918
1216724477 2018-07-27 11:00:59   2.25   74.3   74.7   77.8   83.0   40.0   51.8   68.7   87.3  38.6  89.3   4776 1326.960
1216728077 2018-07-27 12:00:59   2.29   73.7   74.5   77.9   83.4   39.7   51.7   68.7   87.5  39.0  89.7   4778 1327.002
1216731677 2018-07-27 13:00:59   2.33   73.2   74.3   78.1   83.9   39.4   51.6   68.8   87.7  39.4  90.1   4780 1327.043
1216735277 2018-07-27 14:00:59   2.37   72.7   74.0   78.2   84.4   39.1   51.5   68.8   87.8  39.8  90.5   4782 1327.085
1216738877 2018-07-27 15:00:59   2.42   72.1   73.9   78.4   84.8   38.8   51.4   68.8   88.0  40.2  90.9   4784 1327.127
1216742477 2018-07-27 16:00:59   2.46   71.6   73.7   78.5   85.3   38.6   51.3   68.9   88.1  40.6  91.3   4786 1327.168
1216746077 2018-07-27 17:00:59   2.50   71.2   73.5   78.7   85.7   38.3   51.2   68.9   88.3  41.0  91.7   4788 1327.210
1216749677 2018-07-27 18:00:59   2.54   70.7   73.3   78.8   86.1   38.0   51.1   69.0   88.4  41.3  92.1   4790 1327.252
1216753277 2018-07-27 19:00:59   2.58   70.2   73.1   78.9   86.6   37.7   51.0   69.0   88.6  41.7  92.5   4792 1327.293
1216756877 2018-07-27 20:00:59   2.62   69.8   73.0   79.1   87.0   37.4   50.9   69.1   88.7  42.1  92.8   4794 1327.335
1216760477 2018-07-27 21:00:59   2.67   69.3   72.8   79.2   87.4   37.2   50.9   69.1   88.9  42.5  93.2   4796 1327.377
1216764077 2018-07-27 22:00:59   2.71   68.9   72.7   79.4   87.8   36.9   50.8   69.2   89.0  42.8  93.5   4798 1327.418
1216767677 2018-07-27 23:00:59   2.75   68.4   72.5   79.5   88.2   36.6   50.7   69.2   89.2  43.2  93.9   4800 1327.460
1216771277 2018-07-28 00:00:59   2.79   68.0   72.4   79.7   88.6   36.3   50.6   69.3   89.3  43.5  94.2   4802 1327.502
1216774877 2018-07-28 01:00:59   2.83   67.6   72.2   79.8   89.0   36.1   50.5   69.3   89.4  43.9  94.5   4804 1327.543
1216778477 2018-07-28 02:00:59   2.87   67.2   72.1   79.9   89.3   35.8   50.4   69.4   89.6  44.2  94.8   4806 1327.585
1216782077 2018-07-28 03:00:59   2.92   66.8   72.0   80.1   89.7   35.5   50.4   69.4   89.7  44.6  95.1   4808 1327.627
1216785677 2018-07-28 04:00:59   2.96   66.4   71.8   80.2   90.1   35.3   50.3   69.5   89.9  44.9  95.4   4810 1327.668
1216789277 2018-07-28 05:00:59   3.00   66.1   71.7   80.3   90.4   35.0   50.2   69.5   90.0  45.2  95.7   4812 1327.710
1216792877 2018-07-28 06:00:59   3.04   65.7   71.6   80.5   90.8   34.8   50.2   69.6   90.2  45.6  96.0   4814 1327.752
1216796477 2018-07-28 07:00:59   3.08   65.3   71.5   80.6   91.1   34.5   50.1   69.6   90.3  45.9  96.3   4816 1327.793
1216800077 2018-07-28 08:00:59   3.12   65.0   71.4   80.7   91.5   34.3   50.0   69.7   90.4  46.2  96.5   4818 1327.835
1216803677 2018-07-28 09:00:59   3.17   64.6   71.3   80.9   91.8   34.0   50.0   69.7   90.6  46.5  96.8   4820 1327.877
1216807277 2018-07-28 10:00:59   3.21   64.3   71.2   81.0   92.2   33.8   49.9   69.8   90.7  46.8  97.0   4822 1327.918
1216810877 2018-07-28 11:00:59   3.25   63.9   71.1   81.1   92.5   33.5   49.8   69.8   90.8  47.2  97.3   4824 1327.960
1216814477 2018-07-28 12:00:59   3.29   63.6   71.0   81.3   92.8   33.3   49.8   69.9   91.0  47.5  97.5   4826 1328.002
1216818077 2018-07-28 13:00:59   3.33   63.3   70.9   81.4   93.1   33.1   49.7   69.9   91.1  47.8  97.8   4828 1328.043
1216821677 2018-07-28 14:00:59   3.37   63.0   70.8   81.5   93.5   32.8   49.7   70.0   91.2  48.1  98.0   4830 1328.085
1216825277 2018-07-28 15:00:59   3.42   62.7   70.7   81.7   93.8   32.6   49.6   70.0   91.4  48.4  98.2   4832 1328.127
1216828877 2018-07-28 16:00:59   3.46   62.4   70.6   81.8   94.1   32.4   49.5   70.1   91.5  48.6  98.4   4834 1328.168
1216832477 2018-07-28 17:00:59   3.50   62.1   70.5   81.9   94.4   32.1   49.5   70.1   91.6  48.9  98.6   4836 1328.210
1216836077 2018-07-28 18:00:59   3.54   61.8   70.4   82.0   94.7   31.9   49.5   70.2   91.8  49.2  98.8   4838 1328.252
1216839677 2018-07-28 19:00:59   3.58   61.5   70.4   82.2   95.0   31.7   49.4   70.2   91.9  49.5  99.0   4840 1328.293
1216843277 2018-07-28 20:00:59   3.62   61.2   70.3   82.3   95.3   31.5   49.4   70.3   92.0  49.8  99.2   4842 1328.335
1216846877 2018-07-28 21:00:59   3.67   60.9   70.2   82.4   95.6   31.3   49.3   70.4   92.2  50.0  99.4   4844 1328.377
1216850477 2018-07-28 22:00:59   3.71   60.6   70.1   82.5   95.9   31.1   49.3   70.4   92.3  50.3  99.6   4846 1328.418
1216854077 2018-07-28 23:00:59   3.75   60.4   70.1   82.6   96.1   30.9   49.2   70.5   92.4  50.6  99.7   4848 1328.460
1216857677 2018-07-29 00:00:59   3.79   60.1   70.0   82.8   96.4   30.6   49.2   70.5   92.5  50.8  99.9   4850 1328.502
1216861277 2018-07-29 01:00:59   3.83   59.8   69.9   82.9   96.7   30.4   49.2   70.6   92.7  51.1 100.1   4852 1328.543
1216864877 2018-07-29 02:00:59   3.87   59.6   69.9   83.0   97.0   30.3   49.1   70.6   92.8  51.3 100.2   4854 1328.585
1216868477 2018-07-29 03:00:59   3.92   59.3   69.8   83.1   97.2   30.1   49.1   70.7   92.9  51.6 100.4   4856 1328.627
1216872077 2018-07-29 04:00:59   3.96   59.1   69.8   83.2   97.5   29.9   49.1   70.8   93.0  51.8 100.5   4858 1328.668
1216875677 2018-07-29 05:00:59   4.00   58.8   69.7   83.4   97.8   29.7   49.1   70.8   93.2  52.1 100.6   4860 1328.710
1216879277 2018-07-29 06:00:59   4.04   58.6   69.7   83.5   98.0   29.5   49.0   70.9   93.3  52.3 100.8   4862 1328.752
1216882877 2018-07-29 07:00:59   4.08   58.3   69.6   83.6   98.3   29.3   49.0   70.9   93.4  52.6 100.9   4864 1328.793
1216886477 2018-07-29 08:00:59   4.12   58.1   69.6   83.7   98.6   29.2   49.0   71.0   93.5  52.8 101.0   4866 1328.835
1216890077 2018-07-29 09:00:59   4.17   57.9   69.5   83.8   98.8   29.0   49.0   71.1   93.6  53.0 101.1   4868 1328.877
1216893677 2018-07-29 10:00:59   4.21   57.7   69.5   83.9   99.1   28.8   49.0   71.1   93.8  53.2 101.3   4870 1328.918
1216897277 2018-07-29 11:00:59   4.25   57.4   69.4   84.0   99.3   28.7   48.9   71.2   93.9  53.5 101.4   4872 1328.960
1216900877 2018-07-29 12:00:59   4.29   57.2   69.4   84.2   99.6   28.5   48.9   71.3   94.0  53.7 101.5   4874 1329.002
1216904477 2018-07-29 13:00:59   4.33   57.0   69.3   84.3   99.8   28.4   48.9   71.3   94.1  53.9 101.6   4876 1329.043
1216908077 2018-07-29 14:00:59   4.37   56.8   69.3   84.4  100.0   28.2   48.9   71.4   94.2  54.1 101.7   4878 1329.085
1216911677 2018-07-29 15:00:59   4.42   56.6   69.3   84.5  100.3   28.1   48.9   71.4   94.3  54.3 101.7   4880 1329.127
1216915277 2018-07-29 16:00:59   4.46   56.4   69.2   84.6  100.5   27.9   48.9   71.5   94.5  54.5 101.8   4882 1329.168
1216918877 2018-07-29 17:00:59   4.50   56.2   69.2   84.7  100.8   27.8   48.9   71.6   94.6  54.7 101.9   4884 1329.210
1216922477 2018-07-29 18:00:59   4.54   56.0   69.2   84.8  101.0   27.7   48.9   71.6   94.7  54.9 102.0   4886 1329.252
1216926077 2018-07-29 19:00:59   4.58   55.8   69.1   84.9  101.2   27.5   48.9   71.7   94.8  55.1 102.0   4888 1329.293
1216929677 2018-07-29 20:00:59   4.62   55.6   69.1   85.0  101.5   27.4   48.9   71.8   94.9  55.3 102.1   4890 1329.335
1216933277 2018-07-29 21:00:59   4.67   55.4   69.1   85.1  101.7   27.3   48.9   71.9   95.0  55.5 102.2   4892 1329.377
1216936877 2018-07-29 22:00:59   4.71   55.2   69.0   85.3  101.9   27.2   49.0   71.9   95.1  55.7 102.2   4894 1329.418
1216940477 2018-07-29 23:00:59   4.75   55.0   69.0   85.4  102.1   27.1   49.0   72.0   95.3  55.9 102.3   4896 1329.460
1216944077 2018-07-30 00:00:59   4.79   54.8   69.0   85.5  102.4   27.0   49.0   72.1   95.4  56.0 102.3   4898 1329.502
1216947677 2018-07-30 01:00:59   4.83   54.7   69.0   85.6  102.6   26.9   49.0   72.1   95.5  56.2 102.4   4900 1329.543
1216951277 2018-07-30 02:00:59   4.87   54.5   68.9   85.7  102.8   26.8   49.0   72.2   95.6  56.4 102.4   4902 1329.585
1216954877 2018-07-30 03:00:59   4.92   54.3   68.9   85.8  103.0   26.7   49.0   72.3   95.7  56.5 102.4   4904 1329.627
1216958477 2018-07-30 04:00:59   4.96   54.1   68.9   85.9  103.2   26.6   49.1   72.4   95.8  56.7 102.5   4906 1329.668
1216962077 2018-07-30 05:00:59   5.00   54.0   68.9   86.0  103.4   26.6   49.1   72.4   95.9  56.9 102.5   4908 1329.710
1216965677 2018-07-30 06:00:59   5.04   53.8   68.9   86.1  103.6   26.5   49.1   72.5   96.0  57.0 102.5   4910 1329.752
1216969277 2018-07-30 07:00:59   5.08   53.7   68.9   86.2  103.8   26.4   49.2   72.6   96.1  57.2 102.5   4912 1329.793
1216972877 2018-07-30 08:00:59   5.12   53.5   68.8   86.3  104.1   26.4   49.2   72.7   96.2  57.3 102.5   4914 1329.835
1216976477 2018-07-30 09:00:59   5.17   53.3   68.8   86.4  104.3   26.3   49.2   72.7   96.4  57.5 102.5   4916 1329.877
1216980077 2018-07-30 10:00:59   5.21   53.2   68.8   86.5  104.5   26.3   49.3   72.8   96.5  57.6 102.5   4918 1329.918
1216983677 2018-07-30 11:00:59   5.25   53.0   68.8   86.6  104.7   26.2   49.3   72.9   96.6  57.8 102.5   4920 1329.960
1216987277 2018-07-30 12:00:59   5.29   52.9   68.8   86.7  104.9   26.2   49.3   73.0   96.7  57.9 102.5   4922 1330.002
1216990877 2018-07-30 13:00:59   5.33   52.7   68.8   86.8  105.1   26.2   49.4   73.0   96.8  58.0 102.5   4924 1330.043
1216994477 2018-07-30 14:00:59   5.37   52.6   68.8   86.9  105.3   26.1   49.4   73.1   96.9  58.2 102.5   4926 1330.085
1216998077 2018-07-30 15:00:59   5.42   52.4   68.8   87.0  105.5   26.1   49.5   73.2   97.0  58.3 102.5   4928 1330.127
1217001677 2018-07-30 16:00:59   5.46   52.3   68.8   87.1  105.7   26.1   49.5   73.3   97.1  58.4 102.5   4930 1330.168
1217005277 2018-07-30 17:00:59   5.50   52.2   68.7   87.2  105.9   26.1   49.6   73.4   97.2  58.6 102.5   4932 1330.210
1217008877 2018-07-30 18:00:59   5.54   52.0   68.7   87.3  106.0   26.1   49.7   73.5   97.3  58.7 102.4   4934 1330.252
1217012477 2018-07-30 19:00:59   5.58   51.9   68.7   87.4  106.2   26.1   49.7   73.5   97.4  58.8 102.4   4936 1330.293
1217016077 2018-07-30 20:00:59   5.62   51.8   68.7   87.5  106.4   26.1   49.8   73.6   97.5  58.9 102.4   4938 1330.335
1217019677 2018-07-30 21:00:59   5.67   51.6   68.7   87.6  106.6   26.1   49.8   73.7   97.6  59.0 102.3   4940 1330.377
1217023277 2018-07-30 22:00:59   5.71   51.5   68.7   87.7  106.8   26.2   49.9   73.8   97.7  59.1 102.3   4942 1330.418
1217026877 2018-07-30 23:00:59   5.75   51.4   68.7   87.8  107.0   26.2   50.0   73.9   97.8  59.2 102.3   4944 1330.460
1217030477 2018-07-31 00:00:59   5.79   51.3   68.7   87.9  107.2   26.2   50.0   74.0   97.9  59.3 102.2   4946 1330.502
1217034077 2018-07-31 01:00:59   5.83   51.1   68.7   88.0  107.4   26.3   50.1   74.1   98.0  59.4 102.2   4948 1330.543
1217037677 2018-07-31 02:00:59   5.87   51.0   68.7   88.1  107.5   26.3   50.2   74.1   98.1  59.5 102.1   4950 1330.585
1217041277 2018-07-31 03:00:59   5.92   50.9   68.7   88.2  107.7   26.4   50.3   74.2   98.2  59.6 102.0   4952 1330.627
1217044877 2018-07-31 04:00:59   5.96   50.8   68.7   88.3  107.9   26.4   50.4   74.3   98.3  59.7 102.0   4954 1330.668
1217048477 2018-07-31 05:00:59   6.00   50.7   68.7   88.4  108.1   26.5   50.4   74.4   98.4  59.8 101.9   4956 1330.710
1217052077 2018-07-31 06:00:59   6.04   50.6   68.8   88.5  108.2   26.6   50.5   74.5   98.5  59.9 101.9   4958 1330.752
1217055677 2018-07-31 07:00:59   6.08   50.5   68.8   88.5  108.4   26.6   50.6   74.6   98.6  60.0 101.8   4960 1330.793
1217059277 2018-07-31 08:00:59   6.12   50.3   68.8   88.6  108.6   26.7   50.7   74.7   98.7  60.0 101.7   4962 1330.835
1217062877 2018-07-31 09:00:59   6.17   50.2   68.8   88.7  108.8   26.8   50.8   74.8   98.8  60.1 101.6   4964 1330.877
1217066477 2018-07-31 10:00:59   6.21   50.1   68.8   88.8  108.9   26.9   50.9   74.9   98.9  60.2 101.6   4966 1330.918
1217070077 2018-07-31 11:00:59   6.25   50.0   68.8   88.9  109.1   27.0   51.0   75.0   99.0  60.3 101.5   4968 1330.960
1217073677 2018-07-31 12:00:59   6.29   49.9   68.8   89.0  109.3   27.1   51.1   75.1   99.1  60.3 101.4   4970 1331.002
1217077277 2018-07-31 13:00:59   6.33   49.8   68.8   89.1  109.5   27.2   51.2   75.2   99.2  60.4 101.3   4972 1331.043
1217080877 2018-07-31 14:00:59   6.37   49.7   68.8   89.2  109.6   27.3   51.3   75.3   99.3  60.4 101.2   4974 1331.085
1217084477 2018-07-31 15:00:59   6.42   49.7   68.8   89.3  109.8   27.5   51.4   75.4   99.4  60.5 101.1   4976 1331.127
1217088077 2018-07-31 16:00:59   6.46   49.6   68.9   89.4  110.0   27.6   51.5   75.5   99.5  60.5 101.0   4978 1331.168
1217091677 2018-07-31 17:00:59   6.50   49.5   68.9   89.5  110.1   27.7   51.6   75.6   99.6  60.6 100.9   4980 1331.210
1217095277 2018-07-31 18:00:59   6.54   49.4   68.9   89.6  110.3   27.9   51.8   75.7   99.7  60.6 100.8   4982 1331.252
1217098877 2018-07-31 19:00:59   6.58   49.3   68.9   89.7  110.5   28.0   51.9   75.8   99.8  60.7 100.7   4984 1331.293
1217102477 2018-07-31 20:00:59   6.62   49.2   68.9   89.8  110.6   28.2   52.0   75.9   99.8  60.7 100.6   4986 1331.335
1217106077 2018-07-31 21:00:59   6.67   49.1   68.9   89.9  110.8   28.3   52.1   76.0   99.9  60.8 100.5   4988 1331.377
1217109677 2018-07-31 22:00:59   6.71   49.1   68.9   89.9  110.9   28.5   52.3   76.1  100.0  60.8 100.4   4990 1331.418
1217113277 2018-07-31 23:00:59   6.75   49.0   69.0   90.0  111.1   28.7   52.4   76.2  100.1  60.8 100.3   4992 1331.460
1217116877 2018-08-01 00:00:59   6.79   48.9   69.0   90.1  111.3   28.8   52.5   76.3  100.2  60.9 100.2   4994 1331.502
1217120477 2018-08-01 01:00:59   6.83   48.8   69.0   90.2  111.4   29.0   52.6   76.5  100.3  60.9 100.0   4996 1331.543
1217124077 2018-08-01 02:00:59   6.87   48.8   69.0   90.3  111.6   29.2   52.8   76.6  100.4  60.9  99.9   4998 1331.585
1217127677 2018-08-01 03:00:59   6.92   48.7   69.1   90.4  111.7   29.4   52.9   76.7  100.5  60.9  99.8   5000 1331.627
1217131277 2018-08-01 04:00:59   6.96   48.6   69.1   90.5  111.9   29.6   53.1   76.8  100.6  61.0  99.7   5002 1331.668
1217134877 2018-08-01 05:00:59   7.00   48.5   69.1   90.6  112.1   29.8   53.2   76.9  100.7  61.0  99.5   5004 1331.710
1217138477 2018-08-01 06:00:59   7.04   48.5   69.1   90.7  112.2   30.0   53.4   77.0  100.8  61.0  99.4   5006 1331.752
1217142077 2018-08-01 07:00:59   7.08   48.4   69.1   90.8  112.4   30.2   53.5   77.1  100.8  61.0  99.3   5008 1331.793
1217145677 2018-08-01 08:00:59   7.12   48.4   69.2   90.9  112.5   30.4   53.7   77.3  100.9  61.0  99.1   5010 1331.835
1217149277 2018-08-01 09:00:59   7.17   48.3   69.2   91.0  112.7   30.7   53.8   77.4  101.0  61.0  99.0   5012 1331.877
1217152877 2018-08-01 10:00:59   7.21   48.2   69.2   91.0  112.8   30.9   54.0   77.5  101.1  61.0  98.9   5014 1331.918
1217156477 2018-08-01 11:00:59   7.25   48.2   69.3   91.1  113.0   31.1   54.1   77.6  101.2  61.0  98.7   5016 1331.960
1217160077 2018-08-01 12:00:59   7.29   48.1   69.3   91.2  113.1   31.4   54.3   77.7  101.3  61.0  98.6   5018 1332.002
1217163677 2018-08-01 13:00:59   7.33   48.1   69.3   91.3  113.3   31.6   54.5   77.9  101.4  61.0  98.4   5020 1332.043
1217167277 2018-08-01 14:00:59   7.37   48.0   69.3   91.4  113.4   31.9   54.6   78.0  101.4  61.0  98.3   5022 1332.085
1217170877 2018-08-01 15:00:59   7.42   48.0   69.4   91.5  113.6   32.1   54.8   78.1  101.5  61.0  98.1   5024 1332.127
1217174477 2018-08-01 16:00:59   7.46   47.9   69.4   91.6  113.7   32.4   55.0   78.2  101.6  61.0  98.0   5026 1332.168
1217178077 2018-08-01 17:00:59   7.50   47.9   69.4   91.7  113.9   32.6   55.2   78.4  101.7  60.9  97.8   5028 1332.210
1217181677 2018-08-01 18:00:59   7.54   47.8   69.5   91.8  114.0   32.9   55.3   78.5  101.8  60.9  97.6   5030 1332.252
1217185277 2018-08-01 19:00:59   7.58   47.8   69.5   91.9  114.1   33.2   55.5   78.6  101.9  60.9  97.5   5032 1332.293
1217188877 2018-08-01 20:00:59   7.62   47.8   69.5   91.9  114.3   33.5   55.7   78.8  101.9  60.9  97.3   5034 1332.335
1217192477 2018-08-01 21:00:59   7.67   47.7   69.6   92.0  114.4   33.7   55.9   78.9  102.0  60.8  97.2   5036 1332.377
1217196077 2018-08-01 22:00:59   7.71   47.7   69.6   92.1  114.6   34.0   56.1   79.0  102.1  60.8  97.0   5038 1332.418
1217199677 2018-08-01 23:00:59   7.75   47.6   69.7   92.2  114.7   34.3   56.3   79.1  102.2  60.8  96.8   5040 1332.460
1217203277 2018-08-02 00:00:59   7.79   47.6   69.7   92.3  114.9   34.6   56.5   79.3  102.3  60.7  96.7   5042 1332.502
1217206877 2018-08-02 01:00:59   7.83   47.6   69.7   92.4  115.0   34.9   56.7   79.4  102.3  60.7  96.5   5044 1332.543
1217210477 2018-08-02 02:00:59   7.87   47.6   69.8   92.5  115.1   35.2   56.9   79.6  102.4  60.6  96.3   5046 1332.585
1217214077 2018-08-02 03:00:59   7.92   47.5   69.8   92.6  115.3   35.5   57.1   79.7  102.5  60.6  96.1   5048 1332.627
1217217677 2018-08-02 04:00:59   7.96   47.5   69.9   92.7  115.4   35.8   57.3   79.8  102.6  60.5  96.0   5050 1332.668
1217221277 2018-08-02 05:00:59   8.00   47.5   69.9   92.8  115.5   36.2   57.5   80.0  102.7  60.5  95.8   5052 1332.710
1217224877 2018-08-02 06:00:59   8.04   47.5   69.9   92.8  115.7   36.5   57.7   80.1  102.7  60.4  95.6   5054 1332.752
1217228477 2018-08-02 07:00:59   8.08   47.4   70.0   92.9  115.8   36.8   57.9   80.3  102.8  60.3  95.4   5056 1332.793
1217232077 2018-08-02 08:00:59   8.12   47.4   70.0   93.0  116.0   37.1   58.2   80.4  102.9  60.3  95.3   5058 1332.835
1217235677 2018-08-02 09:00:59   8.17   47.4   70.1   93.1  116.1   37.5   58.4   80.5  103.0  60.2  95.1   5060 1332.877
1217239277 2018-08-02 10:00:59   8.21   47.4   70.1   93.2  116.2   37.8   58.6   80.7  103.0  60.1  94.9   5062 1332.918
1217242877 2018-08-02 11:00:59   8.25   47.4   70.2   93.3  116.4   38.1   58.8   80.8  103.1  60.1  94.7   5064 1332.960
1217246477 2018-08-02 12:00:59   8.29   47.4   70.2   93.4  116.5   38.5   59.1   81.0  103.2  60.0  94.5   5066 1333.002
1217250077 2018-08-02 13:00:59   8.33   47.4   70.3   93.5  116.6   38.8   59.3   81.1  103.2  59.9  94.3   5068 1333.043
1217253677 2018-08-02 14:00:59   8.37   47.4   70.3   93.6  116.7   39.2   59.5   81.3  103.3  59.8  94.1   5070 1333.085
1217257277 2018-08-02 15:00:59   8.42   47.4   70.4   93.7  116.9   39.6   59.8   81.4  103.4  59.8  93.9   5072 1333.127
1217260877 2018-08-02 16:00:59   8.46   47.4   70.4   93.7  117.0   39.9   60.0   81.6  103.4  59.7  93.8   5074 1333.168
1217264477 2018-08-02 17:00:59   8.50   47.4   70.5   93.8  117.1   40.3   60.3   81.7  103.5  59.6  93.6   5076 1333.210
1217268077 2018-08-02 18:00:59   8.54   47.4   70.5   93.9  117.3   40.7   60.5   81.9  103.6  59.5  93.4   5078 1333.252
1217271677 2018-08-02 19:00:59   8.58   47.4   70.6   94.0  117.4   41.0   60.8   82.1  103.6  59.4  93.2   5080 1333.293
1217275277 2018-08-02 20:00:59   8.62   47.4   70.7   94.1  117.5   41.4   61.0   82.2  103.7  59.3  93.0   5082 1333.335
1217278877 2018-08-02 21:00:59   8.67   47.4   70.7   94.2  117.6   41.8   61.3   82.4  103.8  59.2  92.8   5084 1333.377
1217282477 2018-08-02 22:00:59   8.71   47.4   70.8   94.3  117.8   42.2   61.5   82.5  103.8  59.1  92.6   5086 1333.418
1217286077 2018-08-02 23:00:59   8.75   47.4   70.8   94.4  117.9   42.6   61.8   82.7  103.9  59.0  92.4   5088 1333.460
1217289677 2018-08-03 00:00:59   8.79   47.5   70.9   94.5  118.0   43.0   62.1   82.8  104.0  58.9  92.2   5090 1333.502
1217293277 2018-08-03 01:00:59   8.83   47.5   71.0   94.6  118.1   43.4   62.3   83.0  104.0  58.7  92.0   5092 1333.543
1217296877 2018-08-03 02:00:59   8.87   47.5   71.0   94.6  118.3   43.8   62.6   83.2  104.1  58.6  91.8   5094 1333.585
1217300477 2018-08-03 03:00:59   8.92   47.5   71.1   94.7  118.4   44.2   62.9   83.3  104.1  58.5  91.6   5096 1333.627
1217304077 2018-08-03 04:00:59   8.96   47.6   71.1   94.8  118.5   44.6   63.1   83.5  104.2  58.4  91.4   5098 1333.668
1217307677 2018-08-03 05:00:59   9.00   47.6   71.2   94.9  118.6   45.0   63.4   83.7  104.2  58.3  91.2   5100 1333.710
1217311277 2018-08-03 06:00:59   9.04   47.6   71.3   95.0  118.7   45.4   63.7   83.8  104.3  58.1  91.0   5102 1333.752
1217314877 2018-08-03 07:00:59   9.08   47.7   71.3   95.1  118.9   45.8   64.0   84.0  104.4  58.0  90.8   5104 1333.793
1217318477 2018-08-03 08:00:59   9.12   47.7   71.4   95.2  119.0   46.3   64.3   84.2  104.4  57.9  90.6   5106 1333.835
1217322077 2018-08-03 09:00:59   9.17   47.7   71.5   95.3  119.1   46.7   64.6   84.4  104.5  57.7  90.4   5108 1333.877
1217325677 2018-08-03 10:00:59   9.21   47.8   71.6   95.4  119.2   47.1   64.9   84.5  104.5  57.6  90.2   5110 1333.918
1217329277 2018-08-03 11:00:59   9.25   47.8   71.6   95.5  119.3   47.6   65.2   84.7  104.6  57.4  90.0   5112 1333.960
1217332877 2018-08-03 12:00:59   9.29   47.9   71.7   95.6  119.4   48.0   65.5   84.9  104.6  57.3  89.8   5114 1334.002
1217336477 2018-08-03 13:00:59   9.33   47.9   71.8   95.7  119.5   48.4   65.8   85.1  104.6  57.1  89.5   5116 1334.043
1217340077 2018-08-03 14:00:59   9.37   48.0   71.9   95.8  119.6   48.9   66.1   85.2  104.7  57.0  89.3   5118 1334.085
1217343677 2018-08-03 15:00:59   9.42   48.1   71.9   95.8  119.8   49.3   66.4   85.4  104.7  56.8  89.1   5120 1334.127
1217347277 2018-08-03 16:00:59   9.46   48.1   72.0   95.9  119.9   49.8   66.7   85.6  104.8  56.6  88.9   5122 1334.168
1217350877 2018-08-03 17:00:59   9.50   48.2   72.1   96.0  120.0   50.3   67.0   85.8  104.8  56.5  88.7   5124 1334.210
1217354477 2018-08-03 18:00:59   9.54   48.2   72.2   96.1  120.1   50.7   67.3   86.0  104.8  56.3  88.5   5126 1334.252
1217358077 2018-08-03 19:00:59   9.58   48.3   72.3   96.2  120.2   51.2   67.7   86.1  104.9  56.1  88.3   5128 1334.293
1217361677 2018-08-03 20:00:59   9.62   48.4   72.3   96.3  120.3   51.7   68.0   86.3  104.9  56.0  88.1   5130 1334.335
1217365277 2018-08-03 21:00:59   9.67   48.5   72.4   96.4  120.4   52.1   68.3   86.5  105.0  55.8  87.9   5132 1334.377
1217368877 2018-08-03 22:00:59   9.71   48.5   72.5   96.5  120.5   52.6   68.7   86.7  105.0  55.6  87.7   5134 1334.418
1217372477 2018-08-03 23:00:59   9.75   48.6   72.6   96.6  120.6   53.1   69.0   86.9  105.0  55.4  87.5   5136 1334.460
1217376077 2018-08-04 00:00:59   9.79   48.7   72.7   96.7  120.7   53.6   69.3   87.1  105.0  55.2  87.3   5138 1334.502
1217379677 2018-08-04 01:00:59   9.83   48.8   72.8   96.8  120.8   54.1   69.7   87.3  105.1  55.1  87.1   5140 1334.543
1217383277 2018-08-04 02:00:59   9.87   48.9   72.9   96.9  120.9   54.6   70.0   87.4  105.1  54.9  86.9   5142 1334.585
1217386877 2018-08-04 03:00:59   9.92   49.0   73.0   97.0  121.0   55.1   70.4   87.6  105.1  54.7  86.7   5144 1334.627
1217390477 2018-08-04 04:00:59   9.96   49.1   73.1   97.1  121.1   55.6   70.7   87.8  105.1  54.5  86.5   5146 1334.668
1217394077 2018-08-04 05:00:59  10.00   49.2   73.2   97.2  121.2   56.1   71.1   88.0  105.1  54.3  86.3   5148 1334.710
1217397677 2018-08-04 06:00:59  10.04   49.3   73.3   97.3  121.3   56.6   71.4   88.2  105.2  54.1  86.0   5150 1334.752
1217401277 2018-08-04 07:00:59  10.08   49.4   73.4   97.4  121.4   57.1   71.8   88.4  105.2  53.8  85.8   5152 1334.793
1217404877 2018-08-04 08:00:59  10.12   49.5   73.5   97.5  121.4   57.6   72.2   88.6  105.2  53.6  85.6   5154 1334.835
1217408477 2018-08-04 09:00:59  10.17   49.6   73.6   97.6  121.5   58.2   72.5   88.8  105.2  53.4  85.4   5156 1334.877
1217412077 2018-08-04 10:00:59  10.21   49.8   73.7   97.7  121.6   58.7   72.9   89.0  105.2  53.2  85.2   5158 1334.918
1217415677 2018-08-04 11:00:59  10.25   49.9   73.8   97.8  121.7   59.2   73.3   89.2  105.2  53.0  85.0   5160 1334.960
1217419277 2018-08-04 12:00:59  10.29   50.0   73.9   97.9  121.8   59.8   73.7   89.4  105.2  52.7  84.8   5162 1335.002
1217422877 2018-08-04 13:00:59  10.33   50.1   74.0   98.0  121.9   60.3   74.0   89.6  105.2  52.5  84.6   5164 1335.043
1217426477 2018-08-04 14:00:59  10.37   50.3   74.2   98.1  121.9   60.8   74.4   89.8  105.2  52.3  84.4   5166 1335.085
1217430077 2018-08-04 15:00:59  10.42   50.4   74.3   98.2  122.0   61.4   74.8   90.0  105.2  52.0  84.3   5168 1335.127
1217433677 2018-08-04 16:00:59  10.46   50.6   74.4   98.3  122.1   61.9   75.2   90.2  105.2  51.8  84.1   5170 1335.168
1217437277 2018-08-04 17:00:59  10.50   50.7   74.5   98.4  122.2   62.5   75.6   90.4  105.2  51.6  83.9   5172 1335.210
1217440877 2018-08-04 18:00:59  10.54   50.9   74.6   98.5  122.2   63.1   76.0   90.6  105.2  51.3  83.7   5174 1335.252
1217444477 2018-08-04 19:00:59  10.58   51.0   74.8   98.6  122.3   63.6   76.4   90.8  105.2  51.1  83.5   5176 1335.293
1217448077 2018-08-04 20:00:59  10.62   51.2   74.9   98.7  122.4   64.2   76.8   91.0  105.1  50.8  83.3   5178 1335.335
1217451677 2018-08-04 21:00:59  10.67   51.4   75.0   98.8  122.4   64.8   77.2   91.2  105.1  50.5  83.1   5180 1335.377
1217455277 2018-08-04 22:00:59  10.71   51.6   75.2   98.9  122.5   65.3   77.6   91.4  105.1  50.3  82.9   5182 1335.418
1217458877 2018-08-04 23:00:59  10.75   51.7   75.3   99.0  122.6   65.9   78.0   91.6  105.1  50.0  82.7   5184 1335.460
1217462477 2018-08-05 00:00:59  10.79   51.9   75.4   99.1  122.6   66.5   78.4   91.8  105.0  49.8  82.5   5186 1335.502
1217466077 2018-08-05 01:00:59  10.83   52.1   75.6   99.2  122.7   67.1   78.8   92.0  105.0  49.5  82.4   5188 1335.543
1217469677 2018-08-05 02:00:59  10.87   52.3   75.7   99.3  122.7   67.7   79.3   92.3  105.0  49.2  82.2   5190 1335.585
1217473277 2018-08-05 03:00:59  10.92   52.5   75.9   99.4  122.8   68.3   79.7   92.5  104.9  48.9  82.0   5192 1335.627
1217476877 2018-08-05 04:00:59  10.96   52.7   76.0   99.5  122.8   68.9   80.1   92.7  104.9  48.6  81.8   5194 1335.668
1217480477 2018-08-05 05:00:59  11.00   53.0   76.2   99.6  122.9   69.5   80.6   92.9  104.8  48.4  81.7   5196 1335.710
1217484077 2018-08-05 06:00:59  11.04   53.2   76.3   99.7  122.9   70.1   81.0   93.1  104.8  48.1  81.5   5198 1335.752
1217487677 2018-08-05 07:00:59  11.08   53.4   76.5   99.8  122.9   70.7   81.4   93.3  104.7  47.8  81.3   5200 1335.793
1217491277 2018-08-05 08:00:59  11.12   53.6   76.7   99.9  123.0   71.4   81.9   93.5  104.7  47.5  81.1   5202 1335.835
1217494877 2018-08-05 09:00:59  11.17   53.9   76.8  100.0  123.0   72.0   82.3   93.7  104.6  47.2  81.0   5204 1335.877
1217498477 2018-08-05 10:00:59  11.21   54.1   77.0  100.1  123.0   72.6   82.8   93.9  104.5  46.9  80.8   5206 1335.918
1217502077 2018-08-05 11:00:59  11.25   54.4   77.2  100.2  123.0   73.2   83.2   94.1  104.5  46.6  80.6   5208 1335.960
1217505677 2018-08-05 12:00:59  11.29   54.6   77.4  100.3  123.1   73.9   83.7   94.3  104.4  46.2  80.5   5210 1336.002
1217509277 2018-08-05 13:00:59  11.33   54.9   77.5  100.4  123.1   74.5   84.1   94.5  104.3  45.9  80.3   5212 1336.043
1217512877 2018-08-05 14:00:59  11.37   55.2   77.7  100.5  123.1   75.2   84.6   94.7  104.2  45.6  80.2   5214 1336.085
1217516477 2018-08-05 15:00:59  11.42   55.5   77.9  100.6  123.1   75.8   85.0   95.0  104.1  45.3  80.0   5216 1336.127
1217520077 2018-08-05 16:00:59  11.46   55.8   78.1  100.7  123.1   76.5   85.5   95.2  104.1  45.0  79.9   5218 1336.168
1217523677 2018-08-05 17:00:59  11.50   56.1   78.3  100.8  123.1   77.2   86.0   95.4  104.0  44.6  79.7   5220 1336.210
1217527277 2018-08-05 18:00:59  11.54   56.4   78.5  100.9  123.1   77.8   86.4   95.6  103.9  44.3  79.6   5222 1336.252
1217530877 2018-08-05 19:00:59  11.58   56.7   78.7  101.0  123.1   78.5   86.9   95.8  103.8  43.9  79.4   5224 1336.293
1217534477 2018-08-05 20:00:59  11.62   57.0   78.9  101.1  123.0   79.2   87.4   96.0  103.6  43.6  79.3   5226 1336.335
1217538077 2018-08-05 21:00:59  11.67   57.4   79.2  101.3  123.0   79.9   87.8   96.2  103.5  43.3  79.2   5228 1336.377
1217541677 2018-08-05 22:00:59  11.71   57.7   79.4  101.4  123.0   80.5   88.3   96.4  103.4  42.9  79.0   5230 1336.418
1217545277 2018-08-05 23:00:59  11.75   58.1   79.6  101.5  122.9   81.2   88.8   96.6  103.3  42.6  78.9   5232 1336.460
1217548877 2018-08-06 00:00:59  11.79   58.5   79.8  101.6  122.9   81.9   89.3   96.8  103.2  42.2  78.8   5234 1336.502
1217552477 2018-08-06 01:00:59  11.83   58.8   80.1  101.7  122.8   82.6   89.8   97.0  103.0  41.8  78.6   5236 1336.543
1217556077 2018-08-06 02:00:59  11.87   59.2   80.3  101.8  122.8   83.3   90.3   97.2  102.9  41.5  78.5   5238 1336.585
1217559677 2018-08-06 03:00:59  11.92   59.6   80.6  101.9  122.7   84.0   90.8   97.4  102.8  41.1  78.4   5240 1336.627
1217563277 2018-08-06 04:00:59  11.96   60.1   80.8  102.0  122.6   84.8   91.3   97.6  102.6  40.7  78.3   5242 1336.668
1217566877 2018-08-06 05:00:59  12.00   60.5   81.1  102.1  122.5   85.5   91.8   97.7  102.4  40.3  78.2   5244 1336.710
1217570477 2018-08-06 06:00:59  12.04   60.9   81.4  102.2  122.4   86.2   92.3   97.9  102.3  40.0  78.1   5246 1336.752
1217574077 2018-08-06 07:00:59  12.08   61.4   81.6  102.3  122.3   86.9   92.8   98.1  102.1  39.6  77.9   5248 1336.793
1217577677 2018-08-06 08:00:59  12.12   61.9   81.9  102.4  122.2   87.7   93.3   98.3  102.0  39.2  77.8   5250 1336.835
1217581277 2018-08-06 09:00:59  12.17   62.3   82.2  102.5  122.1   88.4   93.8   98.5  101.8  38.8  77.7   5252 1336.877
1217584877 2018-08-06 10:00:59  12.21   62.8   82.5  102.6  121.9   89.2   94.3   98.7  101.6  38.4  77.6   5254 1336.918
1217588477 2018-08-06 11:00:59  12.25   63.3   82.8  102.7  121.8   89.9   94.8   98.9  101.4  38.0  77.6   5256 1336.960
1217592077 2018-08-06 12:00:59  12.29   63.9   83.1  102.8  121.6   90.7   95.3   99.0  101.2  37.6  77.5   5258 1337.002
1217595677 2018-08-06 13:00:59  12.33   64.4   83.4  102.9  121.5   91.4   95.8   99.2  101.0  37.2  77.4   5260 1337.043
1217599277 2018-08-06 14:00:59  12.37   65.0   83.8  103.0  121.3   92.2   96.3   99.4  100.8  36.8  77.3   5262 1337.085
1217602877 2018-08-06 15:00:59  12.42   65.6   84.1  103.1  121.1   93.0   96.8   99.5  100.6  36.4  77.2   5264 1337.127
1217606477 2018-08-06 16:00:59  12.46   66.2   84.5  103.2  120.8   93.7   97.4   99.7  100.4  35.9  77.1   5266 1337.168
1217610077 2018-08-06 17:00:59  12.50   66.8   84.8  103.3  120.6   94.5   97.9   99.9  100.2  35.5  77.1   5268 1337.210
1217613677 2018-08-06 18:00:59  12.54   67.4   85.2  103.3  120.4   95.3   98.4  100.0   99.9  35.1  77.0   5270 1337.252
1217617277 2018-08-06 19:00:59  12.58   68.1   85.6  103.4  120.1   96.1   98.9  100.2   99.7  34.7  76.9   5272 1337.293
1217620877 2018-08-06 20:00:59  12.62   68.8   86.0  103.5  119.8   96.9   99.4  100.3   99.4  34.2  76.9   5274 1337.335
1217624477 2018-08-06 21:00:59  12.67   69.5   86.4  103.6  119.5   97.7  100.0  100.5   99.2  33.8  76.8   5276 1337.377
1217628077 2018-08-06 22:00:59  12.71   70.2   86.8  103.7  119.2   98.5  100.5  100.6   98.9  33.3  76.8   5278 1337.418
1217631677 2018-08-06 23:00:59  12.75   71.0   87.2  103.7  118.8   99.3  101.0  100.8   98.7  32.9  76.7   5280 1337.460
1217635277 2018-08-07 00:00:59  12.79   71.8   87.7  103.8  118.4  100.1  101.5  100.9   98.4  32.4  76.7   5282 1337.502
1217638877 2018-08-07 01:00:59  12.83   72.6   88.1  103.8  118.0  100.9  102.1  101.1   98.1  32.0  76.6   5284 1337.543
1217642477 2018-08-07 02:00:59  12.87   73.4   88.6  103.9  117.6  101.8  102.6  101.2   97.8  31.5  76.6   5286 1337.585
1217646077 2018-08-07 03:00:59  12.92   74.3   89.1  103.9  117.2  102.6  103.1  101.3   97.5  31.1  76.6   5288 1337.627
1217649677 2018-08-07 04:00:59  12.96   75.2   89.6  104.0  116.7  103.4  103.6  101.4   97.3  30.6  76.5   5290 1337.668
1217653277 2018-08-07 05:00:59  13.00   76.1   90.1  104.0  116.2  104.3  104.2  101.5   96.9  30.2  76.5   5292 1337.710
1217656877 2018-08-07 06:00:59  13.04   77.1   90.6  104.0  115.6  105.1  104.7  101.6   96.6  29.7  76.5   5294 1337.752
1217660477 2018-08-07 07:00:59  13.08   78.1   91.2  104.1  115.1  106.0  105.2  101.8   96.3  29.2  76.4   5296 1337.793
1217664077 2018-08-07 08:00:59  13.12   79.2   91.7  104.1  114.4  106.9  105.7  101.9   96.0  28.8  76.4   5298 1337.835
1217667677 2018-08-07 09:00:59  13.17   80.2   92.3  104.0  113.8  107.7  106.3  101.9   95.6  28.3  76.4   5300 1337.877
1217671277 2018-08-07 10:00:59  13.21   81.4   92.9  104.0  113.1  108.6  106.8  102.0   95.3  27.9  76.4   5302 1337.918
1217674877 2018-08-07 11:00:59  13.25   82.5   93.5  104.0  112.4  109.5  107.3  102.1   95.0  27.4  76.4   5304 1337.960
1217678477 2018-08-07 12:00:59  13.29   83.7   94.1  103.9  111.6  110.3  107.8  102.2   94.6  26.9  76.3   5306 1338.002
1217682077 2018-08-07 13:00:59  13.33   85.0   94.8  103.9  110.8  111.2  108.3  102.3   94.2  26.5  76.3   5308 1338.043
1217685677 2018-08-07 14:00:59  13.37   86.3   95.5  103.8  109.9  112.1  108.8  102.3   93.9  26.0  76.3   5310 1338.085
1217689277 2018-08-07 15:00:59  13.42   87.7   96.2  103.7  109.0  113.0  109.4  102.4   93.5  25.5  76.3   5312 1338.127
1217692877 2018-08-07 16:00:59  13.46   89.1   96.9  103.6  108.0  113.9  109.9  102.4   93.1  25.1  76.3   5314 1338.168
1217696477 2018-08-07 17:00:59  13.50   90.5   97.6  103.4  107.0  114.8  110.4  102.5   92.7  24.6  76.3   5316 1338.210
1217700077 2018-08-07 18:00:59  13.54   92.0   98.3  103.2  105.9  115.7  110.9  102.5   92.3  24.2  76.2   5318 1338.252
1217703677 2018-08-07 19:00:59  13.58   93.6   99.1  103.0  104.7  116.6  111.4  102.6   91.9  23.7  76.2   5320 1338.293
1217707277 2018-08-07 20:00:59  13.62   95.3   99.9  102.8  103.5  117.6  111.9  102.6   91.5  23.3  76.2   5322 1338.335
1217710877 2018-08-07 21:00:59  13.67   96.9  100.6  102.5  102.2  118.5  112.4  102.6   91.1  22.8  76.2   5324 1338.377
1217714477 2018-08-07 22:00:59  13.71   98.7  101.4  102.2  100.8  119.4  112.9  102.6   90.6  22.4  76.1   5326 1338.418
1217718077 2018-08-07 23:00:59  13.75  100.5  102.2  101.9   99.4  120.3  113.3  102.6   90.2  22.0  76.1   5328 1338.460
1217721677 2018-08-08 00:00:59  13.79  102.3  103.1  101.5   97.9  121.3  113.8  102.6   89.8  21.6  76.0   5330 1338.502
1217725277 2018-08-08 01:00:59  13.83  104.2  103.9  101.1   96.4  122.2  114.3  102.6   89.3  21.2  76.0   5332 1338.543
1217728877 2018-08-08 02:00:59  13.87  106.2  104.7  100.6   94.7  123.2  114.8  102.6   88.9  20.8  75.9   5334 1338.585
1217732477 2018-08-08 03:00:59  13.92  108.2  105.5  100.1   93.0  124.1  115.2  102.6   88.4  20.4  75.8   5336 1338.627
1217736077 2018-08-08 04:00:59  13.96  110.2  106.2   99.5   91.2  125.0  115.7  102.6   88.0  20.1  75.7   5338 1338.668
1217739677 2018-08-08 05:00:59  14.00  112.3  107.0   98.8   89.4  126.0  116.2  102.6   87.5  19.7  75.6   5340 1338.710
1217743277 2018-08-08 06:00:59  14.04  114.4  107.7   98.2   87.5  126.9  116.6  102.5   87.1  19.4  75.5   5342 1338.752
1217746877 2018-08-08 07:00:59  14.08  116.5  108.3   97.4   85.5  127.9  117.0  102.5   86.6  19.1  75.4   5344 1338.793
1217750477 2018-08-08 08:00:59  14.12  118.5  109.0   96.7   83.5  128.8  117.5  102.5   86.2  18.8  75.2   5346 1338.835
1217754077 2018-08-08 09:00:59  14.17  120.5  109.5   95.8   81.5  129.8  117.9  102.4   85.7  18.6  75.1   5348 1338.877
1217757677 2018-08-08 10:00:59  14.21  122.5  110.0   94.9   79.4  130.7  118.3  102.4   85.3  18.4  74.9   5350 1338.918
1217761277 2018-08-08 11:00:59  14.25  124.4  110.3   94.0   77.3  131.6  118.7  102.3   84.8  18.2  74.7   5352 1338.960
1217764877 2018-08-08 12:00:59  14.29  126.1  110.6   93.1   75.3  132.6  119.1  102.3   84.4  18.0  74.4   5354 1339.002
1217768477 2018-08-08 13:00:59  14.33  127.7  110.8   92.1   73.2  133.5  119.5  102.2   84.0  17.9  74.2   5356 1339.043
1217772077 2018-08-08 14:00:59  14.37  129.1  110.8   91.1   71.3  134.4  119.9  102.2   83.5  17.8  73.9   5358 1339.085
1217775677 2018-08-08 15:00:59  14.42  130.3  110.8   90.0   69.3  135.3  120.3  102.1   83.1  17.8  73.6   5360 1339.127
1217779277 2018-08-08 16:00:59  14.46  131.2  110.6   89.0   67.5  136.2  120.6  102.1   82.7  17.7  73.3   5362 1339.168
1217782877 2018-08-08 17:00:59  14.50  131.9  110.3   88.0   65.8  137.1  121.0  102.1   82.3  17.8  73.0   5364 1339.210
1217786477 2018-08-08 18:00:59  14.54  132.3  109.9   87.0   64.2  137.9  121.3  102.0   82.0  17.8  72.6   5366 1339.252
1217790077 2018-08-08 19:00:59  14.58  132.5  109.3   86.0   62.7  138.8  121.7  102.0   81.6  17.9  72.2   5368 1339.293
1217793677 2018-08-08 20:00:59  14.62  132.3  108.7   85.0   61.4  139.6  122.0  101.9   81.3  18.0  71.8   5370 1339.335
1217797277 2018-08-08 21:00:59  14.67  131.9  108.0   84.1   60.2  140.4  122.3  101.9   80.9  18.1  71.4   5372 1339.377
1217800877 2018-08-08 22:00:59  14.71  131.2  107.2   83.2   59.3  141.2  122.6  101.9   80.6  18.3  71.0   5374 1339.418
1217804477 2018-08-08 23:00:59  14.75  130.4  106.4   82.4   58.4  142.0  123.0  101.9   80.4  18.5  70.6   5376 1339.460
1217808077 2018-08-09 00:00:59  14.79  129.3  105.5   81.6   57.8  142.7  123.2  101.9   80.1  18.8  70.1   5378 1339.502
1217811677 2018-08-09 01:00:59  14.83  128.1  104.5   80.9   57.4  143.5  123.5  101.9   79.8  19.0  69.7   5380 1339.543
1217815277 2018-08-09 02:00:59  14.87  126.7  103.6   80.3   57.1  144.1  123.8  101.9   79.6  19.3  69.2   5382 1339.585
1217818877 2018-08-09 03:00:59  14.92  125.3  102.6   79.7   56.9  144.8  124.1  101.9   79.4  19.6  68.8   5384 1339.627
1217822477 2018-08-09 04:00:59  14.96  123.7  101.6   79.1   56.9  145.5  124.3  101.9   79.2  19.9  68.3   5386 1339.668
1217826077 2018-08-09 05:00:59  15.00  122.2  100.6   78.6   57.0  146.1  124.6  101.9   79.1  20.3  67.9   5388 1339.710
1217829677 2018-08-09 06:00:59  15.04  120.6   99.6   78.2   57.3  146.7  124.8  102.0   78.9  20.6  67.4   5390 1339.752
1217833277 2018-08-09 07:00:59  15.08  118.9   98.6   77.8   57.6  147.2  125.0  102.0   78.8  21.0  66.9   5392 1339.793
1217836877 2018-08-09 08:00:59  15.12  117.3   97.6   77.4   58.0  147.7  125.2  102.1   78.7  21.4  66.5   5394 1339.835
1217840477 2018-08-09 09:00:59  15.17  115.7   96.6   77.1   58.5  148.2  125.4  102.1   78.6  21.8  66.0   5396 1339.877
1217844077 2018-08-09 10:00:59  15.21  114.1   95.7   76.9   59.1  148.6  125.6  102.2   78.6  22.2  65.6   5398 1339.918
1217847677 2018-08-09 11:00:59  15.25  112.5   94.8   76.7   59.7  149.1  125.8  102.2   78.6  22.7  65.2   5400 1339.960
1217851277 2018-08-09 12:00:59  15.29  111.0   93.9   76.5   60.3  149.4  126.0  102.3   78.5  23.1  64.8   5402 1340.002
1217854877 2018-08-09 13:00:59  15.33  109.5   93.0   76.3   61.0  149.8  126.2  102.4   78.5  23.5  64.3   5404 1340.043
1217858477 2018-08-09 14:00:59  15.37  108.0   92.2   76.2   61.7  150.0  126.3  102.4   78.5  24.0  63.9   5406 1340.085
1217862077 2018-08-09 15:00:59  15.42  106.5   91.4   76.1   62.4  150.3  126.4  102.5   78.6  24.4  63.6   5408 1340.127
1217865677 2018-08-09 16:00:59  15.46  105.1   90.6   76.1   63.2  150.5  126.6  102.6   78.6  24.9  63.2   5410 1340.168
1217869277 2018-08-09 17:00:59  15.50  103.7   89.9   76.0   63.9  150.7  126.7  102.7   78.7  25.4  62.8   5412 1340.210
1217872877 2018-08-09 18:00:59  15.54  102.4   89.1   76.0   64.7  150.8  126.8  102.8   78.8  25.8  62.5   5414 1340.252
1217876477 2018-08-09 19:00:59  15.58  101.1   88.4   76.0   65.4  150.9  126.9  102.9   78.9  26.3  62.1   5416 1340.293
1217880077 2018-08-09 20:00:59  15.62   99.9   87.8   76.0   66.2  150.9  126.9  103.0   79.0  26.7  61.8   5418 1340.335
1217883677 2018-08-09 21:00:59  15.67   98.6   87.1   76.0   66.9  150.9  127.0  103.1   79.1  27.2  61.5   5420 1340.377
1217887277 2018-08-09 22:00:59  15.71   97.5   86.5   76.0   67.7  150.8  127.1  103.2   79.3  27.7  61.2   5422 1340.418
1217890877 2018-08-09 23:00:59  15.75   96.3   85.9   76.1   68.4  150.7  127.1  103.3   79.4  28.1  60.9   5424 1340.460
1217894477 2018-08-10 00:00:59  15.79   95.2   85.3   76.1   69.1  150.6  127.1  103.4   79.6  28.6  60.7   5426 1340.502
1217898077 2018-08-10 01:00:59  15.83   94.1   84.8   76.2   69.8  150.4  127.1  103.5   79.8  29.1  60.4   5428 1340.543
1217901677 2018-08-10 02:00:59  15.87   93.1   84.2   76.3   70.6  150.2  127.1  103.6   80.0  29.5  60.2   5430 1340.585
1217905277 2018-08-10 03:00:59  15.92   92.1   83.7   76.4   71.3  149.9  127.1  103.7   80.2  30.0  60.0   5432 1340.627
1217908877 2018-08-10 04:00:59  15.96   91.1   83.2   76.5   71.9  149.6  127.1  103.8   80.4  30.4  59.8   5434 1340.668
1217912477 2018-08-10 05:00:59  16.00   90.1   82.8   76.6   72.6  149.3  127.0  103.9   80.6  30.9  59.6   5436 1340.710
1217916077 2018-08-10 06:00:59  16.04   89.2   82.3   76.7   73.3  148.9  127.0  104.0   80.8  31.4  59.4   5438 1340.752
1217919677 2018-08-10 07:00:59  16.08   88.3   81.9   76.8   73.9  148.5  126.9  104.1   81.1  31.8  59.3   5440 1340.793
1217923277 2018-08-10 08:00:59  16.12   87.4   81.4   76.9   74.6  148.1  126.8  104.2   81.3  32.3  59.1   5442 1340.835
1217926877 2018-08-10 09:00:59  16.17   86.6   81.0   77.0   75.2  147.7  126.7  104.3   81.6  32.7  59.0   5444 1340.877
1217930477 2018-08-10 10:00:59  16.21   85.7   80.6   77.1   75.8  147.2  126.6  104.4   81.9  33.2  58.9   5446 1340.918
1217934077 2018-08-10 11:00:59  16.25   84.9   80.2   77.2   76.4  146.7  126.5  104.5   82.1  33.6  58.8   5448 1340.960
1217937677 2018-08-10 12:00:59  16.29   84.1   79.9   77.3   77.0  146.1  126.3  104.6   82.4  34.0  58.7   5450 1341.002
1217941277 2018-08-10 13:00:59  16.33   83.4   79.5   77.5   77.6  145.6  126.2  104.7   82.7  34.5  58.6   5452 1341.043
1217944877 2018-08-10 14:00:59  16.37   82.6   79.2   77.6   78.2  145.0  126.0  104.8   83.0  34.9  58.6   5454 1341.085
1217948477 2018-08-10 15:00:59  16.42   81.9   78.8   77.7   78.7  144.4  125.8  104.9   83.3  35.3  58.5   5456 1341.127
1217952077 2018-08-10 16:00:59  16.46   81.2   78.5   77.8   79.3  143.8  125.7  105.0   83.6  35.7  58.5   5458 1341.168
1217955677 2018-08-10 17:00:59  16.50   80.5   78.2   78.0   79.8  143.2  125.5  105.0   83.9  36.2  58.5   5460 1341.210
1217959277 2018-08-10 18:00:59  16.54   79.9   77.9   78.1   80.4  142.6  125.3  105.1   84.2  36.6  58.5   5462 1341.252
1217962877 2018-08-10 19:00:59  16.58   79.2   77.6   78.2   80.9  141.9  125.1  105.2   84.5  37.0  58.5   5464 1341.293
1217966477 2018-08-10 20:00:59  16.62   78.6   77.4   78.4   81.4  141.2  124.8  105.3   84.9  37.4  58.5   5466 1341.335
1217970077 2018-08-10 21:00:59  16.67   78.0   77.1   78.5   81.9  140.6  124.6  105.4   85.2  37.8  58.6   5468 1341.377
1217973677 2018-08-10 22:00:59  16.71   77.3   76.8   78.6   82.4  139.9  124.3  105.4   85.5  38.2  58.6   5470 1341.418
1217977277 2018-08-10 23:00:59  16.75   76.8   76.6   78.8   82.9  139.2  124.1  105.5   85.8  38.6  58.7   5472 1341.460
1217980877 2018-08-11 00:00:59  16.79   76.2   76.3   78.9   83.3  138.5  123.8  105.6   86.2  39.0  58.8   5474 1341.502
1217984477 2018-08-11 01:00:59  16.83   75.6   76.1   79.0   83.8  137.8  123.6  105.6   86.5  39.4  58.8   5476 1341.543
1217988077 2018-08-11 02:00:59  16.87   75.1   75.9   79.2   84.3  137.1  123.3  105.7   86.8  39.8  58.9   5478 1341.585
1217991677 2018-08-11 03:00:59  16.92   74.5   75.7   79.3   84.7  136.4  123.0  105.7   87.1  40.2  59.0   5480 1341.627
1217995277 2018-08-11 04:00:59  16.96   74.0   75.4   79.4   85.2  135.7  122.7  105.8   87.5  40.5  59.2   5482 1341.668
1217998877 2018-08-11 05:00:59  17.00   73.5   75.2   79.5   85.6  135.0  122.4  105.8   87.8  40.9  59.3   5484 1341.710
1218002477 2018-08-11 06:00:59  17.04   73.0   75.0   79.7   86.0  134.3  122.1  105.9   88.1  41.3  59.4   5486 1341.752
1218006077 2018-08-11 07:00:59  17.08   72.5   74.8   79.8   86.5  133.6  121.8  105.9   88.5  41.6  59.6   5488 1341.793
1218009677 2018-08-11 08:00:59  17.12   72.0   74.6   79.9   86.9  132.9  121.5  105.9   88.8  42.0  59.7   5490 1341.835
1218013277 2018-08-11 09:00:59  17.17   71.5   74.5   80.1   87.3  132.2  121.2  106.0   89.1  42.4  59.9   5492 1341.877
1218016877 2018-08-11 10:00:59  17.21   71.1   74.3   80.2   87.7  131.5  120.9  106.0   89.4  42.7  60.0   5494 1341.918
1218020477 2018-08-11 11:00:59  17.25   70.6   74.1   80.3   88.1  130.8  120.6  106.0   89.8  43.1  60.2   5496 1341.960
1218024077 2018-08-11 12:00:59  17.29   70.2   74.0   80.4   88.5  130.1  120.2  106.0   90.1  43.4  60.4   5498 1342.002
1218027677 2018-08-11 13:00:59  17.33   69.7   73.8   80.6   88.8  129.4  119.9  106.1   90.4  43.7  60.6   5500 1342.043
1218031277 2018-08-11 14:00:59  17.37   69.3   73.6   80.7   89.2  128.7  119.6  106.1   90.7  44.1  60.8   5502 1342.085
1218034877 2018-08-11 15:00:59  17.42   68.9   73.5   80.8   89.6  128.0  119.2  106.1   91.0  44.4  61.0   5504 1342.127
1218038477 2018-08-11 16:00:59  17.46   68.5   73.3   80.9   90.0  127.3  118.9  106.1   91.4  44.7  61.2   5506 1342.168
1218042077 2018-08-11 17:00:59  17.50   68.1   73.2   81.1   90.3  126.6  118.6  106.1   91.7  45.1  61.4   5508 1342.210
1218045677 2018-08-11 18:00:59  17.54   67.7   73.1   81.2   90.7  125.9  118.2  106.1   92.0  45.4  61.7   5510 1342.252
1218049277 2018-08-11 19:00:59  17.58   67.3   72.9   81.3   91.0  125.2  117.9  106.1   92.3  45.7  61.9   5512 1342.293
1218052877 2018-08-11 20:00:59  17.62   66.9   72.8   81.4   91.4  124.5  117.5  106.1   92.6  46.0  62.1   5514 1342.335
1218056477 2018-08-11 21:00:59  17.67   66.6   72.7   81.6   91.7  123.9  117.2  106.1   92.9  46.3  62.4   5516 1342.377
1218060077 2018-08-11 22:00:59  17.71   66.2   72.5   81.7   92.1  123.2  116.8  106.1   93.2  46.6  62.6   5518 1342.418
1218063677 2018-08-11 23:00:59  17.75   65.8   72.4   81.8   92.4  122.5  116.5  106.1   93.5  46.9  62.9   5520 1342.460
1218067277 2018-08-12 00:00:59  17.79   65.5   72.3   81.9   92.7  121.9  116.2  106.1   93.8  47.2  63.2   5522 1342.502
1218070877 2018-08-12 01:00:59  17.83   65.1   72.2   82.0   93.0  121.2  115.8  106.1   94.1  47.5  63.4   5524 1342.543
1218074477 2018-08-12 02:00:59  17.87   64.8   72.1   82.2   93.4  120.6  115.5  106.1   94.3  47.8  63.7   5526 1342.585
1218078077 2018-08-12 03:00:59  17.92   64.5   72.0   82.3   93.7  119.9  115.1  106.0   94.6  48.1  64.0   5528 1342.627
1218081677 2018-08-12 04:00:59  17.96   64.1   71.9   82.4   94.0  119.3  114.8  106.0   94.9  48.4  64.3   5530 1342.668
1218085277 2018-08-12 05:00:59  18.00   63.8   71.8   82.5   94.3  118.7  114.4  106.0   95.2  48.7  64.5   5532 1342.710
1218088877 2018-08-12 06:00:59  18.04   63.5   71.7   82.6   94.6  118.1  114.1  106.0   95.4  49.0  64.8   5534 1342.752
1218092477 2018-08-12 07:00:59  18.08   63.2   71.6   82.7   94.9  117.4  113.7  106.0   95.7  49.2  65.1   5536 1342.793
1218096077 2018-08-12 08:00:59  18.12   62.9   71.5   82.9   95.2  116.8  113.4  105.9   96.0  49.5  65.4   5538 1342.835
1218099677 2018-08-12 09:00:59  18.17   62.6   71.4   83.0   95.5  116.2  113.1  105.9   96.2  49.8  65.7   5540 1342.877
1218103277 2018-08-12 10:00:59  18.21   62.3   71.3   83.1   95.8  115.6  112.7  105.9   96.5  50.0  66.0   5542 1342.918
1218106877 2018-08-12 11:00:59  18.25   62.0   71.2   83.2   96.1  115.0  112.4  105.8   96.8  50.3  66.3   5544 1342.960
1218110477 2018-08-12 12:00:59  18.29   61.7   71.1   83.3   96.3  114.4  112.0  105.8   97.0  50.5  66.6   5546 1343.002
1218114077 2018-08-12 13:00:59  18.33   61.4   71.1   83.4   96.6  113.8  111.7  105.7   97.2  50.8  66.9   5548 1343.043
1218117677 2018-08-12 14:00:59  18.37   61.1   71.0   83.5   96.9  113.2  111.4  105.7   97.5  51.0  67.2   5550 1343.085
1218121277 2018-08-12 15:00:59  18.42   60.9   70.9   83.6   97.2  112.7  111.0  105.7   97.7  51.3  67.5   5552 1343.127
1218124877 2018-08-12 16:00:59  18.46   60.6   70.8   83.8   97.4  112.1  110.7  105.6   98.0  51.5  67.8   5554 1343.168
1218128477 2018-08-12 17:00:59  18.50   60.3   70.8   83.9   97.7  111.5  110.4  105.6   98.2  51.8  68.2   5556 1343.210
1218132077 2018-08-12 18:00:59  18.54   60.1   70.7   84.0   98.0  111.0  110.0  105.5   98.4  52.0  68.5   5558 1343.252
1218135677 2018-08-12 19:00:59  18.58   59.8   70.6   84.1   98.2  110.4  109.7  105.5   98.7  52.2  68.8   5560 1343.293
1218139277 2018-08-12 20:00:59  18.62   59.5   70.6   84.2   98.5  109.9  109.4  105.4   98.9  52.5  69.1   5562 1343.335
1218142877 2018-08-12 21:00:59  18.67   59.3   70.5   84.3   98.8  109.3  109.0  105.4   99.1  52.7  69.4   5564 1343.377
1218146477 2018-08-12 22:00:59  18.71   59.1   70.4   84.4   99.0  108.8  108.7  105.3   99.3  52.9  69.7   5566 1343.418
1218150077 2018-08-12 23:00:59  18.75   58.8   70.4   84.5   99.3  108.2  108.4  105.3   99.5  53.1  70.1   5568 1343.460
1218153677 2018-08-13 00:00:59  18.79   58.6   70.3   84.6   99.5  107.7  108.1  105.2   99.8  53.3  70.4   5570 1343.502
1218157277 2018-08-13 01:00:59  18.83   58.3   70.3   84.7   99.8  107.2  107.8  105.2  100.0  53.5  70.7   5572 1343.543
1218160877 2018-08-13 02:00:59  18.87   58.1   70.2   84.8  100.0  106.7  107.4  105.1  100.2  53.7  71.0   5574 1343.585
1218164477 2018-08-13 03:00:59  18.92   57.9   70.2   84.9  100.2  106.2  107.1  105.0  100.4  53.9  71.4   5576 1343.627
1218168077 2018-08-13 04:00:59  18.96   57.7   70.1   85.0  100.5  105.6  106.8  105.0  100.6  54.1  71.7   5578 1343.668
1218171677 2018-08-13 05:00:59  19.00   57.4   70.1   85.1  100.7  105.1  106.5  104.9  100.8  54.3  72.0   5580 1343.710
1218175277 2018-08-13 06:00:59  19.04   57.2   70.0   85.2  101.0  104.6  106.2  104.9  101.0  54.5  72.3   5582 1343.752
1218178877 2018-08-13 07:00:59  19.08   57.0   70.0   85.3  101.2  104.1  105.9  104.8  101.1  54.7  72.6   5584 1343.793
1218182477 2018-08-13 08:00:59  19.12   56.8   69.9   85.4  101.4  103.6  105.6  104.7  101.3  54.9  73.0   5586 1343.835
1218186077 2018-08-13 09:00:59  19.17   56.6   69.9   85.5  101.6  103.1  105.3  104.7  101.5  55.1  73.3   5588 1343.877
1218189677 2018-08-13 10:00:59  19.21   56.4   69.8   85.6  101.9  102.7  105.0  104.6  101.7  55.3  73.6   5590 1343.918
1218193277 2018-08-13 11:00:59  19.25   56.2   69.8   85.7  102.1  102.2  104.7  104.5  101.9  55.5  73.9   5592 1343.960
1218196877 2018-08-13 12:00:59  19.29   56.0   69.8   85.8  102.3  101.7  104.4  104.5  102.1  55.6  74.3   5594 1344.002
1218200477 2018-08-13 13:00:59  19.33   55.8   69.7   85.9  102.5  101.2  104.1  104.4  102.2  55.8  74.6   5596 1344.043
1218204077 2018-08-13 14:00:59  19.37   55.6   69.7   86.0  102.8  100.8  103.8  104.3  102.4  56.0  74.9   5598 1344.085
1218207677 2018-08-13 15:00:59  19.42   55.4   69.7   86.1  103.0  100.3  103.5  104.3  102.6  56.1  75.2   5600 1344.127
1218211277 2018-08-13 16:00:59  19.46   55.2   69.6   86.2  103.2   99.8  103.2  104.2  102.7  56.3  75.5   5602 1344.168
1218214877 2018-08-13 17:00:59  19.50   55.0   69.6   86.3  103.4   99.4  102.9  104.1  102.9  56.4  75.8   5604 1344.210
1218218477 2018-08-13 18:00:59  19.54   54.9   69.6   86.4  103.6   98.9  102.6  104.1  103.1  56.6  76.1   5606 1344.252
1218222077 2018-08-13 19:00:59  19.58   54.7   69.5   86.5  103.8   98.5  102.3  104.0  103.2  56.7  76.5   5608 1344.293
1218225677 2018-08-13 20:00:59  19.62   54.5   69.5   86.6  104.0   98.0  102.0  103.9  103.4  56.9  76.8   5610 1344.335
1218229277 2018-08-13 21:00:59  19.67   54.3   69.5   86.7  104.2   97.6  101.7  103.8  103.5  57.0  77.1   5612 1344.377
1218232877 2018-08-13 22:00:59  19.71   54.2   69.5   86.8  104.4   97.1  101.4  103.8  103.7  57.2  77.4   5614 1344.418
1218236477 2018-08-13 23:00:59  19.75   54.0   69.4   86.9  104.7   96.7  101.2  103.7  103.8  57.3  77.7   5616 1344.460
1218240077 2018-08-14 00:00:59  19.79   53.8   69.4   87.0  104.9   96.3  100.9  103.6  104.0  57.4  78.0   5618 1344.502
1218243677 2018-08-14 01:00:59  19.83   53.7   69.4   87.1  105.1   95.8  100.6  103.5  104.1  57.6  78.3   5620 1344.543
1218247277 2018-08-14 02:00:59  19.87   53.5   69.4   87.2  105.3   95.4  100.3  103.5  104.3  57.7  78.6   5622 1344.585
1218250877 2018-08-14 03:00:59  19.92   53.4   69.4   87.3  105.5   95.0  100.0  103.4  104.4  57.8  78.9   5624 1344.627
1218254477 2018-08-14 04:00:59  19.96   53.2   69.3   87.4  105.7   94.6   99.8  103.3  104.6  57.9  79.2   5626 1344.668
1218258077 2018-08-14 05:00:59  20.00   53.0   69.3   87.5  105.8   94.1   99.5  103.2  104.7  58.1  79.5   5628 1344.710
1218261677 2018-08-14 06:00:59  20.04   52.9   69.3   87.6  106.0   93.7   99.2  103.2  104.8  58.2  79.8   5630 1344.752
1218265277 2018-08-14 07:00:59  20.08   52.7   69.3   87.7  106.2   93.3   99.0  103.1  105.0  58.3  80.1   5632 1344.793
1218268877 2018-08-14 08:00:59  20.12   52.6   69.3   87.8  106.4   92.9   98.7  103.0  105.1  58.4  80.4   5634 1344.835
1218272477 2018-08-14 09:00:59  20.17   52.5   69.3   87.9  106.6   92.5   98.4  102.9  105.2  58.5  80.6   5636 1344.877
1218276077 2018-08-14 10:00:59  20.21   52.3   69.3   88.0  106.8   92.1   98.2  102.9  105.3  58.6  80.9   5638 1344.918
1218279677 2018-08-14 11:00:59  20.25   52.2   69.3   88.1  107.0   91.7   97.9  102.8  105.5  58.7  81.2   5640 1344.960
1218283277 2018-08-14 12:00:59  20.29   52.0   69.2   88.1  107.2   91.3   97.6  102.7  105.6  58.8  81.5   5642 1345.002
1218286877 2018-08-14 13:00:59  20.33   51.9   69.2   88.2  107.4   90.9   97.4  102.6  105.7  58.9  81.7   5644 1345.043
1218290477 2018-08-14 14:00:59  20.37   51.8   69.2   88.3  107.5   90.5   97.1  102.5  105.8  59.0  82.0   5646 1345.085
1218294077 2018-08-14 15:00:59  20.42   51.6   69.2   88.4  107.7   90.1   96.8  102.4  105.9  59.1  82.3   5648 1345.127
1218297677 2018-08-14 16:00:59  20.46   51.5   69.2   88.5  107.9   89.7   96.6  102.4  106.1  59.2  82.6   5650 1345.168
1218301277 2018-08-14 17:00:59  20.50   51.4   69.2   88.6  108.1   89.3   96.3  102.3  106.2  59.2  82.8   5652 1345.210
1218304877 2018-08-14 18:00:59  20.54   51.3   69.2   88.7  108.3   89.0   96.1  102.2  106.3  59.3  83.1   5654 1345.252
1218308477 2018-08-14 19:00:59  20.58   51.1   69.2   88.8  108.4   88.6   95.8  102.1  106.4  59.4  83.3   5656 1345.293
1218312077 2018-08-14 20:00:59  20.62   51.0   69.2   88.9  108.6   88.2   95.6  102.0  106.5  59.5  83.6   5658 1345.335
1218315677 2018-08-14 21:00:59  20.67   50.9   69.2   89.0  108.8   87.8   95.3  102.0  106.6  59.5  83.8   5660 1345.377
1218319277 2018-08-14 22:00:59  20.71   50.8   69.2   89.1  109.0   87.4   95.1  101.9  106.7  59.6  84.1   5662 1345.418
1218322877 2018-08-14 23:00:59  20.75   50.7   69.2   89.2  109.1   87.1   94.8  101.8  106.8  59.7  84.3   5664 1345.460
1218326477 2018-08-15 00:00:59  20.79   50.6   69.2   89.2  109.3   86.7   94.6  101.7  106.9  59.7  84.6   5666 1345.502
1218330077 2018-08-15 01:00:59  20.83   50.5   69.2   89.3  109.5   86.3   94.3  101.6  107.0  59.8  84.8   5668 1345.543
1218333677 2018-08-15 02:00:59  20.87   50.3   69.2   89.4  109.7   86.0   94.1  101.5  107.1  59.8  85.1   5670 1345.585
1218337277 2018-08-15 03:00:59  20.92   50.2   69.2   89.5  109.8   85.6   93.8  101.5  107.2  59.9  85.3   5672 1345.627
1218340877 2018-08-15 04:00:59  20.96   50.1   69.2   89.6  110.0   85.2   93.6  101.4  107.3  59.9  85.5   5674 1345.668
1218344477 2018-08-15 05:00:59  21.00   50.0   69.2   89.7  110.2   84.9   93.3  101.3  107.4  60.0  85.8   5676 1345.710
1218348077 2018-08-15 06:00:59  21.04   49.9   69.2   89.8  110.3   84.5   93.1  101.2  107.5  60.0  86.0   5678 1345.752
1218351677 2018-08-15 07:00:59  21.08   49.8   69.3   89.9  110.5   84.1   92.8  101.1  107.6  60.1  86.2   5680 1345.793
1218355277 2018-08-15 08:00:59  21.12   49.7   69.3   90.0  110.7   83.8   92.6  101.0  107.7  60.1  86.4   5682 1345.835
1218358877 2018-08-15 09:00:59  21.17   49.7   69.3   90.1  110.8   83.4   92.4  100.9  107.8  60.1  86.6   5684 1345.877
1218362477 2018-08-15 10:00:59  21.21   49.6   69.3   90.1  111.0   83.1   92.1  100.9  107.9  60.2  86.8   5686 1345.918
1218366077 2018-08-15 11:00:59  21.25   49.5   69.3   90.2  111.1   82.7   91.9  100.8  108.0  60.2  87.0   5688 1345.960
1218369677 2018-08-15 12:00:59  21.29   49.4   69.3   90.3  111.3   82.4   91.7  100.7  108.1  60.2  87.3   5690 1346.002
1218373277 2018-08-15 13:00:59  21.33   49.3   69.3   90.4  111.5   82.0   91.4  100.6  108.1  60.3  87.4   5692 1346.043
1218376877 2018-08-15 14:00:59  21.37   49.2   69.3   90.5  111.6   81.7   91.2  100.5  108.2  60.3  87.6   5694 1346.085
1218380477 2018-08-15 15:00:59  21.42   49.1   69.4   90.6  111.8   81.3   91.0  100.4  108.3  60.3  87.8   5696 1346.127
1218384077 2018-08-15 16:00:59  21.46   49.1   69.4   90.7  111.9   81.0   90.7  100.3  108.4  60.3  88.0   5698 1346.168
1218387677 2018-08-15 17:00:59  21.50   49.0   69.4   90.8  112.1   80.7   90.5  100.3  108.5  60.3  88.2   5700 1346.210
1218391277 2018-08-15 18:00:59  21.54   48.9   69.4   90.8  112.3   80.3   90.3  100.2  108.5  60.3  88.4   5702 1346.252
1218394877 2018-08-15 19:00:59  21.58   48.8   69.4   90.9  112.4   80.0   90.0  100.1  108.6  60.3  88.6   5704 1346.293
1218398477 2018-08-15 20:00:59  21.62   48.8   69.4   91.0  112.6   79.6   89.8  100.0  108.7  60.3  88.7   5706 1346.335
1218402077 2018-08-15 21:00:59  21.67   48.7   69.5   91.1  112.7   79.3   89.6   99.9  108.8  60.3  88.9   5708 1346.377
1218405677 2018-08-15 22:00:59  21.71   48.6   69.5   91.2  112.9   79.0   89.3   99.8  108.8  60.3  89.1   5710 1346.418
1218409277 2018-08-15 23:00:59  21.75   48.6   69.5   91.3  113.0   78.6   89.1   99.7  108.9  60.3  89.2   5712 1346.460
1218412877 2018-08-16 00:00:59  21.79   48.5   69.5   91.4  113.2   78.3   88.9   99.6  109.0  60.3  89.4   5714 1346.502
1218416477 2018-08-16 01:00:59  21.83   48.4   69.6   91.5  113.3   78.0   88.7   99.5  109.1  60.3  89.6   5716 1346.543
1218420077 2018-08-16 02:00:59  21.87   48.4   69.6   91.6  113.5   77.6   88.4   99.5  109.1  60.3  89.7   5718 1346.585
1218423677 2018-08-16 03:00:59  21.92   48.3   69.6   91.6  113.6   77.3   88.2   99.4  109.2  60.2  89.8   5720 1346.627
1218427277 2018-08-16 04:00:59  21.96   48.3   69.6   91.7  113.8   77.0   88.0   99.3  109.3  60.2  90.0   5722 1346.668
1218430877 2018-08-16 05:00:59  22.00   48.2   69.7   91.8  113.9   76.6   87.8   99.2  109.3  60.2  90.1   5724 1346.710
1218434477 2018-08-16 06:00:59  22.04   48.1   69.7   91.9  114.1   76.3   87.5   99.1  109.4  60.2  90.3   5726 1346.752
1218438077 2018-08-16 07:00:59  22.08   48.1   69.7   92.0  114.2   76.0   87.3   99.0  109.4  60.1  90.4   5728 1346.793
1218441677 2018-08-16 08:00:59  22.12   48.0   69.8   92.1  114.4   75.7   87.1   98.9  109.5  60.1  90.5   5730 1346.835
1218445277 2018-08-16 09:00:59  22.17   48.0   69.8   92.2  114.5   75.3   86.9   98.8  109.6  60.1  90.6   5732 1346.877
1218448877 2018-08-16 10:00:59  22.21   48.0   69.8   92.3  114.6   75.0   86.7   98.7  109.6  60.0  90.8   5734 1346.918
1218452477 2018-08-16 11:00:59  22.25   47.9   69.9   92.3  114.8   74.7   86.4   98.7  109.7  60.0  90.9   5736 1346.960
1218456077 2018-08-16 12:00:59  22.29   47.9   69.9   92.4  114.9   74.4   86.2   98.6  109.7  59.9  91.0   5738 1347.002
1218459677 2018-08-16 13:00:59  22.33   47.8   69.9   92.5  115.1   74.1   86.0   98.5  109.8  59.9  91.1   5740 1347.043
1218463277 2018-08-16 14:00:59  22.37   47.8   70.0   92.6  115.2   73.7   85.8   98.4  109.9  59.8  91.2   5742 1347.085
1218466877 2018-08-16 15:00:59  22.42   47.8   70.0   92.7  115.3   73.4   85.6   98.3  109.9  59.8  91.3   5744 1347.127
1218470477 2018-08-16 16:00:59  22.46   47.7   70.0   92.8  115.5   73.1   85.4   98.2  110.0  59.7  91.4   5746 1347.168
1218474077 2018-08-16 17:00:59  22.50   47.7   70.1   92.9  115.6   72.8   85.1   98.1  110.0  59.7  91.5   5748 1347.210
1218477677 2018-08-16 18:00:59  22.54   47.7   70.1   93.0  115.8   72.5   84.9   98.0  110.1  59.6  91.5   5750 1347.252
1218481277 2018-08-16 19:00:59  22.58   47.7   70.2   93.1  115.9   72.2   84.7   97.9  110.1  59.5  91.6   5752 1347.293
1218484877 2018-08-16 20:00:59  22.62   47.6   70.2   93.1  116.0   71.9   84.5   97.8  110.2  59.5  91.7   5754 1347.335
1218488477 2018-08-16 21:00:59  22.67   47.6   70.2   93.2  116.2   71.5   84.3   97.7  110.2  59.4  91.8   5756 1347.377
1218492077 2018-08-16 22:00:59  22.71   47.6   70.3   93.3  116.3   71.2   84.1   97.6  110.3  59.3  91.8   5758 1347.418
1218495677 2018-08-16 23:00:59  22.75   47.6   70.3   93.4  116.4   70.9   83.9   97.6  110.3  59.2  91.9   5760 1347.460
1218499277 2018-08-17 00:00:59  22.79   47.6   70.4   93.5  116.6   70.6   83.6   97.5  110.4  59.1  91.9   5762 1347.502
1218502877 2018-08-17 01:00:59  22.83   47.6   70.4   93.6  116.7   70.3   83.4   97.4  110.4  59.1  92.0   5764 1347.543
1218506477 2018-08-17 02:00:59  22.87   47.5   70.5   93.7  116.8   70.0   83.2   97.3  110.4  59.0  92.0   5766 1347.585
1218510077 2018-08-17 03:00:59  22.92   47.5   70.5   93.8  117.0   69.7   83.0   97.2  110.5  58.9  92.1   5768 1347.627
1218513677 2018-08-17 04:00:59  22.96   47.5   70.6   93.8  117.1   69.4   82.8   97.1  110.5  58.8  92.1   5770 1347.668
1218517277 2018-08-17 05:00:59  23.00   47.5   70.6   93.9  117.2   69.1   82.6   97.0  110.6  58.7  92.1   5772 1347.710
1218520877 2018-08-17 06:00:59  23.04   47.5   70.7   94.0  117.3   68.8   82.4   96.9  110.6  58.6  92.2   5774 1347.752
1218524477 2018-08-17 07:00:59  23.08   47.5   70.7   94.1  117.5   68.5   82.2   96.8  110.6  58.5  92.2   5776 1347.793
1218528077 2018-08-17 08:00:59  23.12   47.5   70.8   94.2  117.6   68.2   82.0   96.7  110.7  58.4  92.2   5778 1347.835
1218531677 2018-08-17 09:00:59  23.17   47.5   70.8   94.3  117.7   67.9   81.8   96.6  110.7  58.3  92.2   5780 1347.877
1218535277 2018-08-17 10:00:59  23.21   47.6   70.9   94.4  117.9   67.6   81.6   96.5  110.8  58.2  92.2   5782 1347.918
1218538877 2018-08-17 11:00:59  23.25   47.6   70.9   94.5  118.0   67.2   81.3   96.4  110.8  58.0  92.2   5784 1347.960
1218542477 2018-08-17 12:00:59  23.29   47.6   71.0   94.6  118.1   66.9   81.1   96.3  110.8  57.9  92.2   5786 1348.002
1218546077 2018-08-17 13:00:59  23.33   47.6   71.1   94.7  118.2   66.6   80.9   96.2  110.8  57.8  92.2   5788 1348.043
1218549677 2018-08-17 14:00:59  23.37   47.6   71.1   94.7  118.3   66.3   80.7   96.1  110.9  57.7  92.2   5790 1348.085
1218553277 2018-08-17 15:00:59  23.42   47.6   71.2   94.8  118.5   66.0   80.5   96.0  110.9  57.5  92.2   5792 1348.127
1218556877 2018-08-17 16:00:59  23.46   47.7   71.2   94.9  118.6   65.7   80.3   95.9  110.9  57.4  92.2   5794 1348.168
1218560477 2018-08-17 17:00:59  23.50   47.7   71.3   95.0  118.7   65.4   80.1   95.8  111.0  57.3  92.2   5796 1348.210
1218564077 2018-08-17 18:00:59  23.54   47.7   71.4   95.1  118.8   65.1   79.9   95.7  111.0  57.1  92.1   5798 1348.252
1218567677 2018-08-17 19:00:59  23.58   47.8   71.4   95.2  118.9   64.8   79.7   95.7  111.0  57.0  92.1   5800 1348.293
1218571277 2018-08-17 20:00:59  23.62   47.8   71.5   95.3  119.1   64.5   79.5   95.6  111.0  56.9  92.1   5802 1348.335
1218574877 2018-08-17 21:00:59  23.67   47.8   71.6   95.4  119.2   64.2   79.3   95.5  111.1  56.7  92.0   5804 1348.377
1218578477 2018-08-17 22:00:59  23.71   47.9   71.6   95.5  119.3   63.9   79.1   95.4  111.1  56.6  92.0   5806 1348.418
1218582077 2018-08-17 23:00:59  23.75   47.9   71.7   95.6  119.4   63.7   78.9   95.3  111.1  56.4  91.9   5808 1348.460
1218585677 2018-08-18 00:00:59  23.79   48.0   71.8   95.7  119.5   63.4   78.7   95.2  111.1  56.2  91.9   5810 1348.502
1218589277 2018-08-18 01:00:59  23.83   48.0   71.9   95.7  119.6   63.1   78.5   95.1  111.2  56.1  91.8   5812 1348.543
1218592877 2018-08-18 02:00:59  23.87   48.1   71.9   95.8  119.7   62.8   78.3   95.0  111.2  55.9  91.7   5814 1348.585
1218596477 2018-08-18 03:00:59  23.92   48.1   72.0   95.9  119.8   62.5   78.1   94.9  111.2  55.8  91.6   5816 1348.627
1218600077 2018-08-18 04:00:59  23.96   48.2   72.1   96.0  119.9   62.2   77.9   94.8  111.2  55.6  91.6   5818 1348.668
1218603677 2018-08-18 05:00:59  24.00   48.2   72.2   96.1  120.1   61.9   77.7   94.7  111.2  55.4  91.5   5820 1348.710
1218607277 2018-08-18 06:00:59  24.04   48.3   72.3   96.2  120.2   61.6   77.5   94.6  111.2  55.2  91.4   5822 1348.752
1218610877 2018-08-18 07:00:59  24.08   48.4   72.3   96.3  120.3   61.3   77.3   94.5  111.2  55.1  91.3   5824 1348.793
1218614477 2018-08-18 08:00:59  24.12   48.5   72.4   96.4  120.4   61.0   77.1   94.3  111.3  54.9  91.2   5826 1348.835
1218618077 2018-08-18 09:00:59  24.17   48.5   72.5   96.5  120.5   60.7   76.9   94.2  111.3  54.7  91.1   5828 1348.877
1218621677 2018-08-18 10:00:59  24.21   48.6   72.6   96.6  120.6   60.4   76.7   94.1  111.3  54.5  91.0   5830 1348.918
1218625277 2018-08-18 11:00:59  24.25   48.7   72.7   96.7  120.7   60.1   76.5   94.0  111.3  54.3  90.9   5832 1348.960
1218628877 2018-08-18 12:00:59  24.29   48.8   72.8   96.8  120.8   59.8   76.2   93.9  111.3  54.1  90.7   5834 1349.002
1218632477 2018-08-18 13:00:59  24.33   48.9   72.9   96.9  120.9   59.5   76.0   93.8  111.3  53.9  90.6   5836 1349.043
1218636077 2018-08-18 14:00:59  24.37   49.0   73.0   97.0  121.0   59.2   75.8   93.7  111.3  53.7  90.5   5838 1349.085
1218639677 2018-08-18 15:00:59  24.42   49.1   73.1   97.1  121.1   58.9   75.6   93.6  111.3  53.5  90.3   5840 1349.127
1218643277 2018-08-18 16:00:59  24.46   49.2   73.2   97.2  121.1   58.6   75.4   93.5  111.3  53.3  90.2   5842 1349.168
1218646877 2018-08-18 17:00:59  24.50   49.3   73.3   97.2  121.2   58.3   75.2   93.4  111.3  53.1  90.0   5844 1349.210
1218650477 2018-08-18 18:00:59  24.54   49.4   73.4   97.3  121.3   58.0   75.0   93.3  111.3  52.9  89.9   5846 1349.252
1218654077 2018-08-18 19:00:59  24.58   49.5   73.5   97.4  121.4   57.8   74.8   93.2  111.3  52.6  89.7   5848 1349.293
1218657677 2018-08-18 20:00:59  24.62   49.6   73.6   97.5  121.5   57.5   74.6   93.1  111.3  52.4  89.5   5850 1349.335
1218661277 2018-08-18 21:00:59  24.67   49.7   73.7   97.6  121.6   57.2   74.4   93.0  111.3  52.2  89.4   5852 1349.377
1218664877 2018-08-18 22:00:59  24.71   49.9   73.8   97.7  121.7   56.9   74.2   92.8  111.3  52.0  89.2   5854 1349.418
1218668477 2018-08-18 23:00:59  24.75   50.0   73.9   97.8  121.8   56.6   74.0   92.7  111.3  51.7  89.0   5856 1349.460
1218672077 2018-08-19 00:00:59  24.79   50.1   74.0   97.9  121.8   56.3   73.8   92.6  111.2  51.5  88.8   5858 1349.502
1218675677 2018-08-19 01:00:59  24.83   50.3   74.1   98.0  121.9   56.0   73.6   92.5  111.2  51.3  88.6   5860 1349.543
1218679277 2018-08-19 02:00:59  24.87   50.4   74.2   98.1  122.0   55.7   73.4   92.4  111.2  51.0  88.4   5862 1349.585
1218682877 2018-08-19 03:00:59  24.92   50.6   74.4   98.2  122.1   55.4   73.2   92.3  111.2  50.8  88.2   5864 1349.627
1218686477 2018-08-19 04:00:59  24.96   50.7   74.5   98.3  122.1   55.1   73.0   92.2  111.2  50.5  88.0   5866 1349.668
1218690077 2018-08-19 05:00:59  25.00   50.9   74.6   98.4  122.2   54.8   72.8   92.0  111.2  50.3  87.8   5868 1349.710
1218693677 2018-08-19 06:00:59  25.04   51.0   74.7   98.5  122.3   54.5   72.6   91.9  111.1  50.0  87.5   5870 1349.752
1218697277 2018-08-19 07:00:59  25.08   51.2   74.9   98.6  122.3   54.2   72.4   91.8  111.1  49.7  87.3   5872 1349.793
1218700877 2018-08-19 08:00:59  25.12   51.4   75.0   98.7  122.4   53.9   72.2   91.7  111.1  49.5  87.1   5874 1349.835
1218704477 2018-08-19 09:00:59  25.17   51.6   75.1   98.8  122.4   53.6   72.0   91.6  111.1  49.2  86.8   5876 1349.877
1218708077 2018-08-19 10:00:59  25.21   51.7   75.3   98.9  122.5   53.3   71.8   91.4  111.0  48.9  86.6   5878 1349.918
1218711677 2018-08-19 11:00:59  25.25   51.9   75.4   99.0  122.6   53.0   71.6   91.3  111.0  48.7  86.3   5880 1349.960
1218715277 2018-08-19 12:00:59  25.29   52.1   75.6   99.1  122.6   52.7   71.3   91.2  111.0  48.4  86.1   5882 1350.002
1218718877 2018-08-19 13:00:59  25.33   52.3   75.7   99.2  122.7   52.5   71.1   91.1  110.9  48.1  85.8   5884 1350.043
1218722477 2018-08-19 14:00:59  25.37   52.5   75.9   99.3  122.7   52.2   70.9   90.9  110.9  47.8  85.5   5886 1350.085
1218726077 2018-08-19 15:00:59  25.42   52.8   76.0   99.4  122.7   51.9   70.7   90.8  110.9  47.5  85.2   5888 1350.127
1218729677 2018-08-19 16:00:59  25.46   53.0   76.2   99.5  122.8   51.6   70.5   90.7  110.8  47.2  84.9   5890 1350.168
1218733277 2018-08-19 17:00:59  25.50   53.2   76.3   99.6  122.8   51.3   70.3   90.5  110.8  46.9  84.6   5892 1350.210
1218736877 2018-08-19 18:00:59  25.54   53.4   76.5   99.7  122.8   51.0   70.1   90.4  110.7  46.6  84.3   5894 1350.252
1218740477 2018-08-19 19:00:59  25.58   53.7   76.7   99.8  122.9   50.7   69.9   90.3  110.7  46.3  84.0   5896 1350.293
1218744077 2018-08-19 20:00:59  25.62   53.9   76.8   99.9  122.9   50.4   69.6   90.1  110.6  46.0  83.7   5898 1350.335
1218747677 2018-08-19 21:00:59  25.67   54.2   77.0  100.0  122.9   50.1   69.4   90.0  110.6  45.7  83.4   5900 1350.377
1218751277 2018-08-19 22:00:59  25.71   54.5   77.2  100.1  122.9   49.8   69.2   89.9  110.5  45.4  83.1   5902 1350.418
1218754877 2018-08-19 23:00:59  25.75   54.7   77.4  100.2  122.9   49.5   69.0   89.7  110.5  45.0  82.7   5904 1350.460
1218758477 2018-08-20 00:00:59  25.79   55.0   77.6  100.3  122.9   49.2   68.8   89.6  110.4  44.7  82.4   5906 1350.502
1218762077 2018-08-20 01:00:59  25.83   55.3   77.8  100.5  122.9   48.9   68.6   89.4  110.3  44.4  82.0   5908 1350.543
1218765677 2018-08-20 02:00:59  25.87   55.6   77.9  100.6  122.9   48.6   68.3   89.3  110.3  44.1  81.7   5910 1350.585
1218769277 2018-08-20 03:00:59  25.92   55.9   78.1  100.7  122.9   48.2   68.1   89.1  110.2  43.7  81.3   5912 1350.627
1218772877 2018-08-20 04:00:59  25.96   56.2   78.4  100.8  122.9   47.9   67.9   89.0  110.1  43.4  80.9   5914 1350.668
1218776477 2018-08-20 05:00:59  26.00   56.6   78.6  100.9  122.9   47.6   67.7   88.8  110.0  43.0  80.6   5916 1350.710
1218780077 2018-08-20 06:00:59  26.04   56.9   78.8  101.0  122.8   47.3   67.4   88.7  109.9  42.7  80.2   5918 1350.752
1218783677 2018-08-20 07:00:59  26.08   57.3   79.0  101.1  122.8   47.0   67.2   88.5  109.9  42.3  79.8   5920 1350.793
1218787277 2018-08-20 08:00:59  26.12   57.6   79.2  101.2  122.8   46.7   67.0   88.3  109.8  42.0  79.4   5922 1350.835
1218790877 2018-08-20 09:00:59  26.17   58.0   79.4  101.3  122.7   46.4   66.7   88.2  109.7  41.6  79.0   5924 1350.877
1218794477 2018-08-20 10:00:59  26.21   58.4   79.7  101.4  122.7   46.1   66.5   88.0  109.6  41.2  78.6   5926 1350.918
1218798077 2018-08-20 11:00:59  26.25   58.8   79.9  101.5  122.6   45.8   66.3   87.8  109.5  40.9  78.1   5928 1350.960
1218801677 2018-08-20 12:00:59  26.29   59.2   80.2  101.6  122.5   45.4   66.0   87.7  109.4  40.5  77.7   5930 1351.002
1218805277 2018-08-20 13:00:59  26.33   59.6   80.4  101.7  122.4   45.1   65.8   87.5  109.3  40.1  77.3   5932 1351.043
1218808877 2018-08-20 14:00:59  26.37   60.0   80.7  101.8  122.4   44.8   65.5   87.3  109.1  39.7  76.8   5934 1351.085
1218812477 2018-08-20 15:00:59  26.42   60.5   81.0  101.9  122.3   44.5   65.3   87.1  109.0  39.4  76.4   5936 1351.127
1218816077 2018-08-20 16:00:59  26.46   60.9   81.2  102.0  122.1   44.2   65.0   86.9  108.9  39.0  75.9   5938 1351.168
1218819677 2018-08-20 17:00:59  26.50   61.4   81.5  102.1  122.0   43.8   64.8   86.7  108.8  38.6  75.5   5940 1351.210
1218823277 2018-08-20 18:00:59  26.54   61.9   81.8  102.2  121.9   43.5   64.5   86.5  108.6  38.2  75.0   5942 1351.252
1218826877 2018-08-20 19:00:59  26.58   62.4   82.1  102.3  121.8   43.2   64.3   86.3  108.5  37.8  74.5   5944 1351.293
1218830477 2018-08-20 20:00:59  26.62   62.9   82.4  102.4  121.6   42.8   64.0   86.1  108.3  37.4  74.0   5946 1351.335
1218834077 2018-08-20 21:00:59  26.67   63.4   82.7  102.5  121.4   42.5   63.7   85.9  108.2  37.0  73.5   5948 1351.377
1218837677 2018-08-20 22:00:59  26.71   64.0   83.1  102.6  121.2   42.2   63.5   85.7  108.0  36.5  73.0   5950 1351.418
1218841277 2018-08-20 23:00:59  26.75   64.6   83.4  102.7  121.0   41.8   63.2   85.5  107.9  36.1  72.5   5952 1351.460
1218844877 2018-08-21 00:00:59  26.79   65.1   83.7  102.8  120.8   41.5   62.9   85.2  107.7  35.7  72.0   5954 1351.502
1218848477 2018-08-21 01:00:59  26.83   65.8   84.1  102.8  120.6   41.1   62.6   85.0  107.5  35.3  71.4   5956 1351.543
1218852077 2018-08-21 02:00:59  26.87   66.4   84.4  102.9  120.4   40.8   62.3   84.8  107.3  34.9  70.9   5958 1351.585
1218855677 2018-08-21 03:00:59  26.92   67.0   84.8  103.0  120.1   40.4   62.0   84.5  107.1  34.4  70.3   5960 1351.627
1218859277 2018-08-21 04:00:59  26.96   67.7   85.2  103.1  119.8   40.1   61.7   84.3  106.9  34.0  69.8   5962 1351.668
1218862877 2018-08-21 05:00:59  27.00   68.4   85.6  103.2  119.5   39.7   61.4   84.0  106.7  33.5  69.2   5964 1351.710
1218866477 2018-08-21 06:00:59  27.04   69.1   86.0  103.2  119.2   39.4   61.1   83.7  106.5  33.1  68.6   5966 1351.752
1218870077 2018-08-21 07:00:59  27.08   69.9   86.4  103.3  118.9   39.0   60.8   83.5  106.2  32.7  68.1   5968 1351.793
1218873677 2018-08-21 08:00:59  27.12   70.7   86.9  103.4  118.5   38.6   60.5   83.2  106.0  32.2  67.5   5970 1351.835
1218877277 2018-08-21 09:00:59  27.17   71.5   87.3  103.4  118.1   38.2   60.1   82.9  105.7  31.7  66.9   5972 1351.877
1218880877 2018-08-21 10:00:59  27.21   72.3   87.8  103.5  117.7   37.8   59.8   82.6  105.5  31.3  66.3   5974 1351.918
1218884477 2018-08-21 11:00:59  27.25   73.2   88.3  103.5  117.2   37.4   59.5   82.3  105.2  30.8  65.7   5976 1351.960
1218888077 2018-08-21 12:00:59  27.29   74.1   88.8  103.6  116.8   37.0   59.1   81.9  104.9  30.4  65.0   5978 1352.002
1218891677 2018-08-21 13:00:59  27.33   75.0   89.3  103.6  116.3   36.6   58.7   81.6  104.6  29.9  64.4   5980 1352.043
1218895277 2018-08-21 14:00:59  27.37   76.0   89.8  103.6  115.7   36.2   58.4   81.3  104.3  29.4  63.8   5982 1352.085
1218898877 2018-08-21 15:00:59  27.42   77.0   90.3  103.6  115.2   35.8   58.0   80.9  104.0  29.0  63.1   5984 1352.127
1218902477 2018-08-21 16:00:59  27.46   78.0   90.9  103.6  114.6   35.4   57.6   80.5  103.6  28.5  62.5   5986 1352.168
1218906077 2018-08-21 17:00:59  27.50   79.1   91.5  103.6  113.9   35.0   57.2   80.2  103.3  28.0  61.8   5988 1352.210
1218909677 2018-08-21 18:00:59  27.54   80.2   92.1  103.6  113.2   34.5   56.8   79.8  102.9  27.6  61.2   5990 1352.252
1218913277 2018-08-21 19:00:59  27.58   81.4   92.7  103.6  112.5   34.1   56.3   79.4  102.5  27.1  60.5   5992 1352.293
1218916877 2018-08-21 20:00:59  27.62   82.6   93.3  103.5  111.7   33.6   55.9   78.9  102.1  26.6  59.8   5994 1352.335
1218920477 2018-08-21 21:00:59  27.67   83.9   94.0  103.5  110.9   33.2   55.4   78.5  101.7  26.1  59.2   5996 1352.377
1218924077 2018-08-21 22:00:59  27.71   85.2   94.7  103.4  110.0   32.7   55.0   78.0  101.3  25.7  58.5   5998 1352.418
1218927677 2018-08-21 23:00:59  27.75   86.6   95.4  103.3  109.1   32.2   54.5   77.5  100.8  25.2  57.8   6000 1352.460
1218931277 2018-08-22 00:00:59  27.79   88.0   96.1  103.2  108.1   31.7   54.0   77.1  100.3  24.7  57.2   6002 1352.502
1218934877 2018-08-22 01:00:59  27.83   89.5   96.8  103.0  107.1   31.2   53.5   76.5   99.8  24.2  56.5   6004 1352.543
1218938477 2018-08-22 02:00:59  27.87   91.0   97.6  102.8  105.9   30.7   52.9   76.0   99.3  23.8  55.8   6006 1352.585
1218942077 2018-08-22 03:00:59  27.92   92.6   98.3  102.6  104.8   30.2   52.4   75.5   98.7  23.3  55.2   6008 1352.627
1218945677 2018-08-22 04:00:59  27.96   94.3   99.1  102.4  103.5   29.7   51.8   74.9   98.1  22.9  54.5   6010 1352.668
1218949277 2018-08-22 05:00:59  28.00   96.0   99.9  102.1  102.2   29.2   51.3   74.3   97.5  22.4  53.9   6012 1352.710
1218952877 2018-08-22 06:00:59  28.04   97.8  100.8  101.8  100.8   28.7   50.7   73.7   96.9  22.0  53.2   6014 1352.752
1218956477 2018-08-22 07:00:59  28.08   99.7  101.6  101.5   99.4   28.2   50.1   73.0   96.3  21.6  52.6   6016 1352.793
1218960077 2018-08-22 08:00:59  28.12  101.6  102.4  101.1   97.9   27.7   49.5   72.4   95.6  21.1  52.0   6018 1352.835
1218963677 2018-08-22 09:00:59  28.17  103.5  103.3  100.7   96.2   27.2   48.8   71.7   94.9  20.7  51.4   6020 1352.877
1218967277 2018-08-22 10:00:59  28.21  105.6  104.1  100.2   94.6   26.8   48.2   71.0   94.2  20.3  50.8   6022 1352.918
1218970877 2018-08-22 11:00:59  28.25  107.6  104.9   99.7   92.8   26.3   47.6   70.3   93.4  20.0  50.3   6024 1352.960
1218974477 2018-08-22 12:00:59  28.29  109.7  105.7   99.1   91.0   25.9   46.9   69.6   92.7  19.6  49.8   6026 1353.002
1218978077 2018-08-22 13:00:59  28.33  111.9  106.5   98.4   89.1   25.5   46.3   68.9   91.9  19.2  49.3   6028 1353.043
1218981677 2018-08-22 14:00:59  28.37  114.0  107.3   97.7   87.1   25.2   45.7   68.2   91.1  18.9  48.9   6030 1353.085
1218985277 2018-08-22 15:00:59  28.42  116.2  108.0   97.0   85.1   25.0   45.1   67.4   90.3  18.6  48.5   6032 1353.127
1218988877 2018-08-22 16:00:59  28.46  118.4  108.6   96.2   83.0   24.7   44.5   66.7   89.5  18.4  48.2   6034 1353.168
1218992477 2018-08-22 17:00:59  28.50  120.5  109.2   95.3   80.9   24.6   43.9   66.0   88.7  18.1  48.0   6036 1353.210
1218996077 2018-08-22 18:00:59  28.54  122.5  109.7   94.4   78.8   24.6   43.4   65.3   87.9  17.9  47.7   6038 1353.252
1218999677 2018-08-22 19:00:59  28.58  124.4  110.0   93.5   76.6   24.6   42.9   64.6   87.1  17.7  47.6   6040 1353.293
1219003277 2018-08-22 20:00:59  28.62  126.2  110.3   92.5   74.5   24.7   42.5   64.0   86.3  17.6  47.5   6042 1353.335
1219006877 2018-08-22 21:00:59  28.67  127.8  110.5   91.5   72.4   24.9   42.1   63.3   85.5  17.4  47.5   6044 1353.377
1219010477 2018-08-22 22:00:59  28.71  129.3  110.6   90.5   70.4   25.2   41.8   62.8   84.8  17.3  47.6   6046 1353.418
1219014077 2018-08-22 23:00:59  28.75  130.5  110.5   89.5   68.4   25.5   41.5   62.2   84.1  17.3  47.7   6048 1353.460
